cost	target-start	target-end	target-length	left-primer-start	left-primer-num-primers	left-primer-frac-bound	left-primer-target-sequences	right-primer-start	right-primer-num-primers	right-primer-frac-bound	right-primer-target-sequences	num-guides	total-frac-bound-by-guides	guide-target-sequences	guide-target-sequence-positions
2.5126942636811997	11217	11305	88	11217	1	0.9909255898366606	CTATTGAACAGCTGCTTTATGCGATCCAAC	11275	1	0.9909255898366606	AATCCTTGGCAGTACTATGTTGGAAGATGA	1	0.9872958257713249	AACTTTATACTGGGTTCCAGGGAAAGCA	{11247}
2.5126942636811997	13573	13661	88	13573	1	0.9909255898366606	TGTTAAACCAGAGAGTACAGCTGATCAAGA	13631	1	0.9909255898366606	TATTGCCGTGCGCATATAGAACATCCTGAT	1	0.9872958257713249	GACTTATGGTGGAGCTTCAGTGTGTCTC	{13603}
2.5126942636811997	15003	15091	88	15003	1	0.9945553539019963	GAGGACATCATGTTTTAGTGTCGCTGCACT	15061	1	0.9909255898366606	CGGCCTGGCAATTTTAACCAAGACTTCTAT	1	0.9909255898366606	AACAACTGGTTTGACTTTTCAAACTGTG	{15033}
2.534811090344213	9291	9381	90	9291	1	0.9909255898366606	CTTTGTTTCTCGAGTCTTTGCTAATACAGG	9351	1	0.9909255898366606	ACCCTATAAGAGTTTCTCTGATAGTGGTTG	1	0.9909255898366606	CAGTGTTTGCTACACTCCTATAGATGAG	{9321}
2.5555	26376	26468	92	26376	1	0.9927404718693285	CTCTATGGATTACGTGTCTCTGCTTAATCA	26438	1	0.9909255898366606	CTACTTGTTTGTATATCCCTAAACCCACAG	1	0.9872958257713249	ATTTGGCAGAAGTACCTTAATTCACCGT	{26407}
2.6020405378427527	17937	18034	97	17937	1	0.9945553539019963	TTTTAAGTATGTGCTACAGGTGTCCTAAGG	18004	1	0.9909255898366606	TAAATTGTTAGCCAAGAAGGAGCTTTCAGG	1	0.9836660617059891	AAATAGTAAGCACTGTGAGCTCTCTTGT	{17967}
2.7111377053709504	13454	13566	112	13454	1	0.9909255898366606	GTTAACTTCACCGTTGATCCTCAAAAAGCT	13536	1	0.9909255898366606	TGCTTACTCCTAAAACTGGTACAGGTATAG	1	0.9872958257713249	ATCTCGATTTCGTCAATGCGGGAGGTGC	{13485}
2.7537729313414405	18144	18246	102	18144	1	0.9963702359346642	GGAGTAAGGCAGTCTTTATTTCGCCTTATA	18216	1	0.9909255898366606	CTCAGACTGTTGATTCCTCACAGGGTTCAG	2	0.9818511796733213	CTGTGGCTCGTTCAATTCTGGGTCTTAC GTGGCTCGTTCAATGCTGGGTCTTACTA	{18186} {18188}
2.7623098364064735	9150	9271	121	9150	1	0.9909255898366606	ATGGTATCATGAGCATGTTGGTGGTGTCTA	9241	1	0.9909255898366606	ATTCCAGACGTACCTACTACATTGGCTTGG	1	0.9872958257713249	GACAACTCTATCACATGCCCATTGACAG	{9181}
2.7623098364064735	9257	9378	121	9257	1	0.9909255898366606	CTACATTGGCTTGGGTGAACAATCAGATAA	9348	1	0.9909255898366606	GATACCCTATAAGAGTTTCTCTGATAGTGG	1	0.9909255898366606	TTGTTTCTCGAGTCTTTGCTAATACAGG	{9293}
2.8064266863651715	14736	14866	130	14736	1	0.9909255898366606	TGATGACCGTTGTGTGTTACATTGTGCTAA	14836	1	0.9909255898366606	GATGGCGTGCCATTTGTAGTATCTTGTGGT	1	0.9836660617059891	GTTTGCTATGACTATGCCTAAGACTTGT	{14778}
2.8109738099539405	19180	19311	131	19180	1	0.9909255898366606	TGCTACTAATCACGATCGTTATTGCTCTGT	19281	1	0.9927404718693285	TAGAACGTGTGGATTGGGATATAGAGTATC	1	0.9872958257713249	ATCAAGGAGCTCATGTGGCTTCTAATGA	{19212}
2.836979969342407	6295	6432	137	6295	1	0.9909255898366606	GGGTTTGATTCTAGTAAACCAGTCACTAAG	6402	1	0.9909255898366606	TAAGAATGGTGCCATGTATAAAGGCAAACC	1	0.9872958257713249	CTTGCCTAAAGAAGACGGCGATGTGTTG	{6342}
2.8571480554261384	13454	13596	142	13454	1	0.9909255898366606	GTTAACTTCACCGTTGATCCTCAAAAAGCT	13566	1	0.9909255898366606	CTATATCTGTTAAACCAGAGAGTACAGCTG	1	0.9872958257713249	ATCTCGATTTCGTCAATGCGGGAGGTGC	{13485}
2.8572433771173467	17971	18089	118	17971	1	0.9909255898366606	AGTAAGCACTGTGAGCGCTCTTGTCTACAA	18059	1	0.9909255898366606	GGCAATGTGACGCATGATGCTAGCTCTGCC	2	0.9891107078039928	AAGGTGCTTTCAGGCCAGTGCTTTAAAA ATTGTTAGCCAAGAAGGAGCTTTCATGC	{18020} {18007}
2.8648729313414405	16089	16233	144	16089	1	0.9909255898366606	TTCTATGATGATACTGTCTGATGACGGTGT	16203	1	0.9909255898366606	TGTCTTTATGTCTGAAGCTAAATGCTGGGT	1	0.9872958257713249	TTATAATAGTGATTATGCAGCTAAGGGT	{16125}
2.876122044777587	13337	13484	147	13337	1	0.9909255898366606	GTTAAAAATCTTAACAACCTTCATCGCGGG	13454	1	0.9909255898366606	GTTAACTTCACCGTTGATCCTCAAAAAGCT	1	0.9872958257713249	CAAGTGTTAGGGCACATTGCTGCGACTG	{13367}
2.8797857056612073	12808	12956	148	12808	1	0.9909255898366606	CGCTAGGAATGGTTGTATACCTCTTAGTGT	12926	1	0.9909255898366606	TACGCTGGGGCTTTGTGGGACATTACAGTT	1	0.9872958257713249	TTCCACTGTGTGCTTCAAATAAACTACG	{12840}
2.920764845367944	9111	9271	160	9111	1	0.9945553539019963	TGATAAGTGCTTTGCTAATAAGCACCGGTC	9241	1	0.9909255898366606	ATTCCAGACGTACCTACTACATTGGCTTGG	1	0.9818511796733213	TGAGCATGTTGGTGGTGTCTATGACAGC	{9159}
2.939443925003943	25861	26027	166	25861	1	0.9909255898366606	GTGGTACATTTGGCTTGGTTTCATTGCTGG	25997	1	0.9909255898366606	GAATACGACCTCGAGCCGCATAAGGTTCAT	1	0.9909255898366606	CTTAGCTCTATGCGTCTTCTTCATACTG	{25900}
2.948390556965433	14028	14197	169	14028	1	0.9909255898366606	AGACTCCTATTTTGTCGTTAAGAGGCATAC	14167	1	0.9909255898366606	CATATTGTACGTCAGCGTTTAACTGAGTAC	1	0.9891107078039928	TTACGTGTCTGTGATGCTGTAGCTCCCC	{14098}
2.9542192055029934	9150	9321	171	9150	1	0.9909255898366606	ATGGTATCATGAGCATGTTGGTGGTGTCTA	9291	1	0.9909255898366606	CTTTGTTTCTCGAGTCTTTGCTAATACAGG	1	0.9872958257713249	GACAACTCTATCACATGCCCATTGACAG	{9181}
2.9570942636811997	13633	13805	172	13633	1	0.9909255898366606	TTGCCGTGCGCATATAGAACATCCTGATGT	13775	1	0.9909255898366606	ATTGGATATGGGTGCAATTGTGACTCGCTT	1	0.9872958257713249	GGGTAAGTTTGTCCAAATCCCTGCTCAG	{13684}
2.9627681611474057	16089	16263	174	16089	1	0.9909255898366606	TTCTATGATGATACTGTCTGATGACGGTGT	16233	1	0.9909255898366606	GGAAACCGATCTGAAGAAAGGGCCACATGA	1	0.9872958257713249	TTATAATAGTGATTATGCAGCTAAGGGT	{16125}
2.9627681611474057	19286	19460	174	19286	1	0.9927404718693285	CGTGTGGATTGGGATATAGAGTATCCTTAT	19430	1	0.9945553539019963	GGAATTCCTATTGTTGATGACCCTGTGGTT	1	0.9872958257713249	GTACGTGCTGCTCTTCTTGCCGGTTCAT	{19370}
2.96556788931984	15063	15238	175	15063	1	0.9909255898366606	GCCTGGCAATTTTAACCAAGACTTCTATGA	15208	1	0.9909255898366606	CTGCCTACTATGTGTGACATCAAACAAATG	1	0.9872958257713249	TTTCTTTAAGGAGGGCTCTTCAGTTACG	{15111}
2.973823285568201	21238	21416	178	21238	1	0.9927404718693285	TGGTTCTGATAAAGGTATCGCTCCTGGTAC	21386	1	0.9909255898366606	CAACAAGTGGATCTTGTTATTTCCGACATG	1	0.985480943738657	CGACAGTGGCTTCCTACAGATGCCATTA	{21278}
2.9948515990016813	20280	20466	186	20280	1	0.9927404718693285	CTGCTACTATTGGTGTATGTAAGTACACTG	20436	1	0.9909255898366606	TGGTAGGTCCTGATTATGCTTACTTCAATG	1	0.985480943738657	CTACTCCAAATGCCATCTTTATTTCTGA	{20382}
3.0193342433258255	10878	11074	196	10878	1	0.9927404718693285	GTGGTAGTGTTGGTTACACCAAGGAGGGTA	11044	1	0.9909255898366606	CAGTGTTAATGTAGTAGCTTGGCTTTACGC	1	0.9872958257713249	TGCTAGTGGTACACATACCGGTTCAGCA	{10945}
3.030908310503012	13454	13655	201	13454	1	0.9909255898366606	GTTAACTTCACCGTTGATCCTCAAAAAGCT	13625	1	0.9909255898366606	TGTCTCTATTGCCGTGCGCATATAGAACAT	1	0.9872958257713249	ATCTCGATTTCGTCAATGCGGGAGGTGC	{13485}
3.035423411032158	19108	19311	203	19108	1	0.9909255898366606	TTCCTGCGGTTATGATTATGTCTACAACCC	19281	1	0.9927404718693285	TAGAACGTGTGGATTGGGATATAGAGTATC	1	0.9836660617059891	TCTGTCCATCAAGGGGCTCATGTGGCTT	{19205}
3.0376573353204814	19286	19490	204	19286	1	0.9927404718693285	CGTGTGGATTGGGATATAGAGTATCCTTAT	19460	1	0.9909255898366606	GATTGGCATTATTTTGATGCACAGCCCTTG	1	0.9872958257713249	GTACGTGCTGCTCTTCTTGCCGGTTCAT	{19370}
3.0376573353204814	29914	30118	204	29914	1	0.9909255898366606	GCTGCTAAAAATAAGATGCGCCACAAGCGC	30088	1	0.9909255898366606	GCCAGTGCTTTTATGGGTATGTCGCAATTT	1	0.9818511796733213	TTTTGGTCTTCGCGGACCAGGAGACCTC	{29976}
3.0507435130281846	9111	9321	210	9111	1	0.9945553539019963	TGATAAGTGCTTTGCTAATAAGCACCGGTC	9291	1	0.9909255898366606	CTTTGTTTCTCGAGTCTTTGCTAATACAGG	1	0.9818511796733213	TGAGCATGTTGGTGGTGTCTATGACAGC	{9159}
3.0528735330780323	17865	18076	211	17865	1	0.9909255898366606	CTAGAGGCACATTGGAACCAGAAAATTTCA	18046	1	0.9909255898366606	AATACTCTATAAGGGCAATGTGACGCATGA	1	0.9836660617059891	TAAGGAAATAGTAAGCACTGTGAGCTCT	{17962}
3.059490556965433	18076	18245	169	18076	1	0.9909255898366606	TGCTAGCTCTGCCATTAATAGACCACAACT	18215	1	0.9909255898366606	ACTCAGACTGTTGATTCCTCACAGGGTTCA	2	0.9909255898366606	GTGAAGAATTTTATTACTGCAAATCCGG TGTGGCTCGTTCAATGCTGGGTCTTACC	{18113} {18187}
3.071432422683972	25807	26027	220	25807	1	0.9909255898366606	GTCTTACATAGACCTTAAAGAGCTTGGCAA	25997	1	0.9909255898366606	GAATACGACCTCGAGCCGCATAAGGTTCAT	1	0.9872958257713249	TTTCATTGCTGGGCTTGTTGCCTTAGCT	{25879}
3.0812967960054203	12731	12956	225	12731	1	0.9909255898366606	GTCAGTGCTATGCAAACTATGTTGTTTGGT	12926	1	0.9909255898366606	TACGCTGGGGCTTTGTGGGACATTACAGTT	1	0.985480943738657	TTGTATACCTCTTAGTGTCATTCCATTG	{12820}
3.0832337616452867	10878	11104	226	10878	1	0.9927404718693285	GTGGTAGTGTTGGTTACACCAAGGAGGGTA	11074	1	0.9909255898366606	AGCAATACTTAATGGTTGCGCTTGGTTTGT	1	0.9872958257713249	TGCTAGTGGTACACATACCGGTTCAGCA	{10945}
3.090866666009797	20236	20466	230	20236	1	0.9909255898366606	CAAGTTCGTCCTTTGGGATTATGAACGTAG	20436	1	0.9909255898366606	TGGTAGGTCCTGATTATGCTTACTTCAATG	1	0.985480943738657	CTACTCCAAATGCCATCTTTATTTCTGA	{20382}
3.0927468288076465	7421	7652	231	7421	1	0.9909255898366606	ATGTACCTACATTCTGCGCAAACCGTTCTG	7622	1	0.9909255898366606	TGGCAGGTACATTGCATTATTTCTTTGCAC	1	0.9872958257713249	CAATGTGTAATTGGTGCTTGGTTAGCCA	{7451}
3.100159109049143	14631	14866	235	14631	1	0.9945553539019963	GTGGCCACTTACTGAGTATGATTTTACTGA	14836	1	0.9909255898366606	GATGGCGTGCCATTTGTAGTATCTTGTGGT	1	0.9836660617059891	GTTTGCTATGACTATGCCTAAGACTTGT	{14778}
3.103801953228442	14842	15079	237	14842	1	0.9909255898366606	GTGCCATTTGTAGTATCTTGTGGTTATCAC	15049	1	0.9909255898366606	TTTCAAACTGTGCGGCCTGGCAATTTTAAC	1	0.9891107078039928	TGTCGCTGCACTAACAACTGGTTTGACT	{15021}
3.1056079683607334	14736	14974	238	14736	1	0.9909255898366606	TGATGACCGTTGTGTGTTACATTGTGCTAA	14944	1	0.9909255898366606	ATGATGTATGCCGCTGATCCAGCCATGCAC	1	0.9836660617059891	GTTTGCTATGACTATGCCTAAGACTTGT	{14778}
3.1109657561098882	17865	18106	241	17865	1	0.9909255898366606	CTAGAGGCACATTGGAACCAGAAAATTTCA	18076	1	0.9909255898366606	TGCTAGCTCTGCCATTAATAGACCACAACT	1	0.9836660617059891	TAAGGAAATAGTAAGCACTGTGAGCTCT	{17962}
3.1162354666358683	13953	14197	244	13953	1	0.9909255898366606	GGTTGCTGGTATTGGAAAATACTACAAGAC	14167	1	0.9909255898366606	CATATTGTACGTCAGCGTTTAACTGAGTAC	1	0.9872958257713249	TTAAGAGGCATACTATGGAGAATTTTGA	{14045}
3.1179729605267243	14181	14426	245	14181	1	0.9909255898366606	GCGTTTAACTGAGTACACTATGATGGATCT	14396	1	0.9909255898366606	CTGTTAAATTTTGTGACCACATGGTCAAGG	1	0.9872958257713249	AGTGAAGTATGGTTGCTGTGATGTTACC	{14268}
3.1197010878282048	19286	19532	246	19286	1	0.9927404718693285	CGTGTGGATTGGGATATAGAGTATCCTTAT	19502	1	0.9909255898366606	CAACAGCTTTTCTATACAGAGGACATGGCC	1	0.9872958257713249	TCGTACGTGCTGCTCTTCTTGCCGGTTC	{19368}
3.1248302666619225	20444	20693	249	20444	1	0.9909255898366606	CCTGATTATGCTTACTTCAATGGTGCTATC	20663	1	0.9909255898366606	TTGGAAAACTATGCTTTTGAGCACGTAGTC	1	0.9891107078039928	TCCGTGATAGTGATGTTGTTAAACAACC	{20475}
3.1265219161711366	18418	18668	250	18418	1	0.9909255898366606	CCAGTCTCAGATTGTAACTGGCCTTTTTAA	18638	1	0.9909255898366606	TTCATTACTCGTGAAGAGGCTGTAAGGCAA	1	0.9836660617059891	GCTGGGCTTTAAACTCGATGCAACAGTT	{18592}
3.1265219161711366	19633	19883	250	19633	1	0.9927404718693285	GTTCAATTTGCCAGGTTGTGATGGCGGTAG	19853	1	0.9909255898366606	GGCGCTGTTTGTAGGAAGCATGCTACAGAG	1	0.9818511796733213	ATAGAGGATGTTGATTATGTACCCCTAA	{19790}
3.1639735330780323	18076	18287	211	18076	1	0.9909255898366606	TGCTAGCTCTGCCATTAATAGACCACAACT	18257	1	0.9909255898366606	GTTATCTTCTGTCAAACAGCAGATACGGCA	2	0.9909255898366606	GTGAAGAATTTTATTACTGCAAATCCGG TGTGGCTCGTTCAATGCTGGGTCTTACC	{18113} {18187}
3.1793942636811994	4918	5006	88	4918	1	0.9909255898366606	GGTTACAATTCTTGGCATTTAGTCGAGGGT	4976	2	0.9909255898366606	ACAAGCTCCTTCATTGGTCAGATCAAACCA ATAAGCTCCTGCATTGGTCTGATCAAACCA	1	0.9872958257713249	GAACTATTGGTGCAAGACTTACGCTTAA	{4948}
3.1793942636811994	8678	8766	88	8678	1	0.9909255898366606	TAGGTAGTCTCATTGATTGTAATGCGGCTT	8736	2	0.9909255898366606	TAATGGCGCATGCATCTGGAACGCTGCTGC TAATGGTGCTTGTATTTGGAACGCTGCTGC	1	0.985480943738657	CAGTTAACCAAATTGTCTTGCGTAATTC	{8708}
3.1793942636811994	9147	9235	88	9147	1	0.9909255898366606	ACAATGGTATCATGAGCATGTTGGTGGTGT	9205	2	0.9909255898366606	ACAGTTGCAGTAATAGCTGGAGTAGCAGGT ACAGTTGCAGTAATTGCTGGAGTTGCTGGT	1	0.9872958257713249	CTATGACAGCTCTATCACATGCCCATTG	{9177}
3.1793942636811994	9242	9330	88	9242	1	0.9909255898366606	TTCCAGACGTACCTACTACATTGGCTTGGG	9300	2	0.9909255898366606	TCGAGTCTTTGCTAATACAGGCAGTGTTTG TCGAGTCTTTGCTAATACTGGTAGTGTTTG	1	0.9909255898366606	TGAACAATCAGATAATTTTCTTTGTTTC	{9272}
3.1793942636811994	10993	11081	88	10993	2	0.9909255898366606	TGCCTTTATGGACAAACAAGTGCACCAGAT TGCCTTTATGGATAAACAAGTGCACCAAGT	11051	1	0.9909255898366606	AATGTAGTAGCTTGGCTTTACGCAGCAATA	1	0.9909255898366606	TCAGTTAATAGACAAATACTGCAGTGTT	{11023}
3.1793942636811994	25856	25944	88	25856	1	0.9909255898366606	TGGCCGTGGTACATTTGGCTTGGTTTCATT	25914	2	0.9909255898366606	TCTTCTTCATACTGTGCTGCACTGGTTGTG TTTTCTTCATACTGTGTTGCACAGGTTGTG	1	0.9872958257713249	GCTGGGCTTGTTGCCTTAGCTCTATGCG	{25886}
3.1793942636811994	29378	29466	88	29378	1	0.9927404718693285	CGCAAAATGCTGGGTATTGGCGGAGACAGG	29436	2	0.9909255898366606	CAAGCAGCTGGCTCCCAGGTGGTATTTTTA TAAGCAACTGGCTCCCAGGTGGTACTTCTA	1	0.9800362976406534	ATAGAAAAATTAATACCGGGAATGGAAT	{29408}
3.188487395870145	18144	18367	223	18144	1	0.9963702359346642	GGAGTAAGGCAGTCTTTATTTCGCCTTATA	18337	1	0.9909255898366606	AGGTATTCTTTGTGTTATGACATCTCAGGC	2	0.9818511796733213	CTGTGGCTCGTTCAATTCTGGGTCTTAC GTGGCTCGTTCAATGCTGGGTCTTACTA	{18186} {18188}
3.1906433771173464	9182	9271	89	9182	2	0.9909255898366606	ACAACTCTATCACATGCCCATTGACAGTTG ATAACTCTATCACATGTCCCCTGACAGTTG	9241	1	0.9909255898366606	ATTCCAGACGTACCTACTACATTGGCTTGG	1	0.9872958257713249	TAGTAATTGCTGGAGTTGCTGGTGCTCG	{9212}
3.1906433771173464	13700	13789	89	13700	2	0.9909255898366606	ATCCCTGCTCAGTGTGTCCGTGACCCTGTG ATTCCATCTCAGTGTACTCGTGACCCTGTT	13759	1	0.9945553539019963	TGTCTGTCAATATTGGATTGGATATGGGTG	1	0.9909255898366606	GGATTTTGTTTGTCAAATACCCCCTGTA	{13730}
3.2015110903442126	10719	10809	90	10719	1	0.9909255898366606	ATGTTGCTAACCCTAGCACTCCAGCCTACA	10779	2	0.9909255898366606	TTAGCGTCCTTGCATGCTACAATGGCAGAC TTAGTGTGTTAGCATGCTATAATGGTCGTC	1	0.985480943738657	CTTTTACAACAGTGAAACCTGGCGCAGC	{10749}
3.2057160284948063	17971	18203	232	17971	1	0.9909255898366606	AGTAAGCACTGTGAGCGCTCTTGTCTACAA	18173	1	0.9945553539019963	AATTCACAGAATGCTGTGGCTCGTTCAATG	2	0.9909255898366606	ATTGTTAGCCAAGAAGGAGCTTTCATGC GTGAAGAATTTTATTACTGCAAATCCGG	{18007} {18113}
3.2120224201679632	10783	10874	91	10783	2	0.9909255898366606	TGTGCTCGCATGCTATAATGGTCGTCCTAC TGTGTTAGCATGCTATAATGGTCGTCCGAC	10844	1	0.9909255898366606	TACACAATTAAGGGTTCCTTTCTGTGTGGT	1	0.9872958257713249	TGGTACATTCACTGTTGTAATGCGTCCT	{10813}
3.2120224201679632	13337	13428	91	13337	1	0.9909255898366606	GTTAAAAATCTTAACAACCTTCATCGCGGG	13398	2	0.9909255898366606	GATTGCAAGCTGGTTCTAACACCGAGTTTG GGTTACAAGCAGGTTCTAATACTGAGTTTG	1	0.9872958257713249	CAAGTGTTAGGGCACATTGCTGCGACTG	{13367}
3.2120224201679632	25743	25834	91	25743	2	0.9909255898366606	CTACATTACTCGATCTTACCTACGAGATGT CTACCCTACTTGATCTTAGTGGTGAGATGT	25804	1	0.9909255898366606	TGAGTCTTACATAGACCTTAAAGAGCTTGG	1	0.9872958257713249	TGTCTCTTCAACAAGTTGTTAAAGCCCT	{25773}
3.2221999999999995	12420	12512	92	12420	1	0.9909255898366606	GTAATGTAGATCTTGATGCGTTAGCTAGTG	12482	2	0.9909255898366606	ACTCTTTCTGAATTTTCTCACTTGGCTACG ACTCTTTCTGAGTTTTCACACTTAGCTACC	1	0.9872958257713249	ATATTTTTGACACTCCTAGCGTACTTCA	{12450}
3.2221999999999995	12804	12896	92	12804	1	0.9909255898366606	CTAACGCTAGGAATGGTTGTATACCTCTTA	12866	2	0.9909255898366606	CGCGTTGTAATTCCTGACTTCACCGTCTGG CGTGTAGTAATTCCAGATTTTACAGTCTGG	1	0.985480943738657	GTGTCATTCCATTGTGTGCTTCAAATAA	{12834}
3.2221999999999995	25935	26027	92	25935	2	0.9909255898366606	CAGGTTGTGGCACAAGTTGCTTGGGAAAAC CTGGTTGTGGCACAAACTGTATGGGAAAAC	25997	1	0.9909255898366606	GAATACGACCTCGAGCCGCATAAGGTTCAT	1	0.985480943738657	TTAAGTTTAATCGTTGTTGTGATAGATA	{25965}
3.241634243325825	14016	14110	94	14016	1	0.9909255898366606	AGGGCATCATTTAGACTCCTATTTTGTCGT	14080	2	0.9909255898366606	AAGCACTGTTACGATTTGTTACGTGACTGT AAGCGCTGTTATGAGCTTCTCAAGGATTGC	1	0.9872958257713249	TAAGAGGCATACTATGGAGAATTTTGAA	{14046}
3.2687405378427523	19363	19460	97	19363	2	0.9909255898366606	CAACGTCGTACGTGCTGCTCTTCTTGCCGG CAATGTCGTACGTGCTGCTCTCTTAGCAGG	19430	1	0.9945553539019963	GGAATTCCTATTGTTGATGACCCTGTGGTT	1	0.9872958257713249	TTCATTTGACAAAGTCTATGATATTGGC	{19393}
3.2687405378427523	28411	28508	97	28411	2	0.9909255898366606	GTGGGTTTAACGAACTCCTTCATAATGTCT GTGGGTTTAACGAACTCTCTAATCATGTCT	28478	1	0.9909255898366606	TTATTAAAGACTGGAACTTTGCATGGTCCC	1	0.9800362976406534	CGCAACTCACTGAGGCGCAGATTATTGC	{28448}
3.277289493487164	24923	25021	98	24923	1	0.9909255898366606	ACTCAACAGGTTCTTTCAGAGAACCAAAAG	24991	2	0.9909255898366606	GCAAACAGGATTCACTACTACTAATGTAGC GCAAACAGGCTTCACTACAACTAATGAAGC	1	0.9872958257713249	GCCAATAAGTTTAATCAGGCTCTGGGAG	{24959}
3.2856163730311914	13649	13748	99	13649	2	0.9945553539019963	GAACATCCTGATGTCTCTGGTGTTTGTAAA GAACATCCTGATGTTTCTGGCGTTTGTAAA	13718	1	0.9909255898366606	CGTGACCCTGTGGGATTTTGTTTGTCAAAT	1	0.9872958257713249	GGGTAAGTTTGTCCAAATCCCTGCTCAG	{13684}
3.2937324226839717	14736	14836	100	14736	1	0.9909255898366606	TGATGACCGTTGTGTGTTACATTGTGCTAA	14806	2	0.9909255898366606	TTCGGACCCATAGTCCGAAAGATCTTTGTT TTTGGACCCATAGTCCGAAAAATCTTTGTC	1	0.9836660617059891	GTTTGCTATGACTATGCCTAAGACTTGT	{14778}
3.2937324226839717	18838	18938	100	18838	2	0.9909255898366606	ACCCCCACCTGGTGAACAATTTAAACACTT TCCTCCACCAGGTGAACAGTTTAAGCACCT	18908	1	0.9927404718693285	AGACGACGTATAGTGCAAATGTTGTCAGAC	1	0.9818511796733213	CGTGCCTCTTATGCATAAGGGGGCTGCG	{18868}
3.324285705661207	6413	6517	104	6413	1	0.9909255898366606	CCATGTATAAAGGCAAACCAATTCTTTGGG	6487	2	0.9909255898366606	GCGTCATTGCGTCAAATTTATGACCTTGCG GCTAGTTTGCGTCAAATTTTTGACGTAGCC	1	0.9909255898366606	ACAAAGCATCTTATGATACTAATCTTAA	{6446}
3.331489758004454	6295	6400	105	6295	1	0.9909255898366606	GGGTTTGATTCTAGTAAACCAGTCACTAAG	6370	2	0.9909255898366606	TTGGCTGAGTTTGACACTTATGACCCTATT TTGGCTGAGTTTGCTACATATGACCCTATT	1	0.9872958257713249	CTTGCCTAAAGAAGACGGCGATGTGTTG	{6342}
3.331489758004454	7421	7526	105	7421	1	0.9909255898366606	ATGTACCTACATTCTGCGCAAACCGTTCTG	7496	2	0.9909255898366606	ACCCAGCTCTTAAGATGGTTCAAACACATC ATTCAGCTCTTAAGATGGTGCAGACCCACA	1	0.9872958257713249	CAATGTGTAATTGGTGCTTGGTTAGCCA	{7451}
3.3385354666358684	9031	9137	106	9031	2	0.9909255898366606	GCGTCAGTTGAATTTTATGATGACCGCATT GTACCTGTTGAATTTTATGAAGACCGCATC	9107	1	0.9909255898366606	CTGATGATAAGTGCTTTGCTAATAAGCACC	1	0.9872958257713249	TTGGACTTTAAAGTTCTTGATAATGGTA	{9061}
3.3385354666358684	10492	10598	106	10492	1	0.9909255898366606	GGTTACCTGCGGTAGCATGACTCTTAATGG	10568	2	0.9909255898366606	CCAGCAGATCAGTTGTCTGATCCTAATTAT CCGGCTGACCAGTTGTCTGATCCTAATTAT	1	0.9836660617059891	CACAGTCTGGTGCCCGCGACACGTAATG	{10537}
3.345429642842771	20586	20693	107	20586	2	0.9927404718693285	GTGACTTCCTACCCCTGTCTGACATGGAGA GTGACTTTGAACCCATGTCTGACATGGAGA	20663	1	0.9909255898366606	TTGGAAAACTATGCTTTTGAGCACGTAGTC	1	0.9872958257713249	AAGACTTTCTATCTTTTGATAGTGATGT	{20616}
3.3521786676602408	10210	10318	108	10210	2	0.9909255898366606	CAAGGACACTTATGCAGCTCTTAGAAACTC CAAGGATACTTATGCTGCTCTCAGAAATTC	10288	1	0.9909255898366606	TAAGTACTTCTCTGGTGCTATGGAAACAGC	1	0.9872958257713249	TTAACTAATGATGCCTATTCACGATTTT	{10241}
3.3652648453679435	14372	14482	110	14372	2	0.9909255898366606	GTATTCGCCAGGCTGTTTTAAACACTGTTA GTGTACGCCAAGCTATCTTAAACACTGTTA	14452	1	0.9909255898366606	GACAACCAGGACCTTAATGGCAAGTGGTAT	1	0.9909255898366606	GTCAAGGCTGGTTTAGTCGGTGTGCTCA	{14419}
3.37783770537095	15013	15125	112	15013	1	0.9909255898366606	TGTTTTAGTGTCGCTGCACTTACAACTGGT	15095	2	0.9909255898366606	TCGTGGTATCTAAAGGTTTCTTTAAGGAGG TCGTGGTCTCTAAAGGTTTCTTTAAAGAGG	1	0.9909255898366606	TTGACTTTTCAAACTGTGCGGCCTGGCA	{15043}
3.3899360029807224	12842	12956	114	12842	2	0.9909255898366606	CCACTGTGTGCTTCAAACAAATTACGTGTA CCACTGTGTGCTTCAAATAAACTTCGCGTT	12926	1	0.9909255898366606	TACGCTGGGGCTTTGTGGGACATTACAGTT	1	0.9872958257713249	CCTGACTTCACCGTCTGGAATCAGTTAG	{12878}
3.395818128345179	5658	5773	115	5658	1	0.9909255898366606	ACGCATGGTTTGGAGAGAGTGGTGCAATGT	5743	2	0.9909255898366606	GTGCAAACTGTTGAAGATCTGCGTGCTCGC GTGCAATCTATTGAAGAATTGCATCAACCG	1	0.9872958257713249	TAAAAGATGTTGTTCTACAAGGCTTAAA	{5696}
3.4072681611474054	4819	4936	117	4819	2	0.9909255898366606	TGCCTTCTAGCTAATAAGGAGCAACAAGCC TGTCTCCTAGCTAATAAAGAGCAAGAAGCT	4906	1	0.9909255898366606	CGCACTAATGGTGGTTACAATTCTTGGCAT	1	0.9872958257713249	GACGTTAAGTTAAACCCTTCAGAAGAAT	{4864}
3.4072681611474054	10887	11004	117	10887	2	0.9909255898366606	TTGGTTACACCAAGGAAGGTAATGTGATCA TTGGTTACACCAAGGAGGGTAGTGTGATCA	10974	1	0.9909255898366606	TTGATGGTACTATGTATGGTGCCTTTATGG	1	0.9872958257713249	TGCTAGTGGTACACATACCGGTTCAGCA	{10945}
3.4072681611474054	21238	21355	117	21238	1	0.9927404718693285	TGGTTCTGATAAAGGTATCGCTCCTGGTAC	21325	2	0.9927404718693285	TGAGTATGTGTCAGATGCTGACATAAGCCT TGAGTTCGTGTCAGATGCTGACATAACTTT	1	0.985480943738657	CGACAGTGGCTTCCTACAGATGCCATTA	{21278}
3.4128433771173463	8259	8377	118	8259	1	0.9909255898366606	CCAGGAAAGTTTAGCTAGGTCTGCATGTGT	8347	2	0.9909255898366606	TCTGTTGGCAACACTAGTGAAATTGCCATC TCTGTTGGTGATTCTAGTGAAATCGCCACT	1	0.9872958257713249	TCTTTTGGTTGACTCAAGTTTGGTTACT	{8319}
3.4128433771173463	9111	9229	118	9111	1	0.9945553539019963	TGATAAGTGCTTTGCTAATAAGCACCGGTC	9199	2	0.9909255898366606	CCATTGACAGTTGCAGTAATTGCTGGAGTT CCCCTGACAGTTGCAGTAATAGCTGGAGTA	1	0.9818511796733213	TGAGCATGTTGGTGGTGTCTATGACAGC	{9159}
3.4128433771173463	11222	11340	118	11222	2	0.9909255898366606	GAACAGCTGCTTTATGCGATCCAACAACTT GAACAGCTGCTTTATGCGATCCAACAATTG	11310	1	0.9909255898366606	CACCTGAGGATGTTAATATGCAGATTATGG	1	0.9872958257713249	TATACTGGGTTCCAGGGAAAGCAAATCC	{11252}
3.418323285568201	8462	8581	119	8462	2	0.9909255898366606	AAGATGGTCTTAAGAGAGGCGAAAACTTAC GTGATGGCGTAAGGCGAGGCGATAACTTCC	8551	1	0.9909255898366606	GTTGAGACCAATGAAATTGTTGACTCTGTG	1	0.9872958257713249	GACGCAGCACGAGGTCCCGCAGGTGTGG	{8515}
3.4237110903442125	15063	15183	120	15063	1	0.9909255898366606	GCCTGGCAATTTTAACCAAGACTTCTATGA	15153	2	0.9963702359346642	CTTTGCTCAAGATGGGCATGCTGCTATTAC CTTTGCTCAAGATGGTAATGCTGCTATTAC	1	0.9872958257713249	TTTCTTTAAGGAGGGCTCTTCAGTTACG	{15111}
3.429009836406473	10783	10904	121	10783	2	0.9909255898366606	TGTGCTCGCATGCTATAATGGTCGTCCTAC TGTGTTAGCATGCTATAATGGTCGTCCGAC	10874	1	0.9909255898366606	TCTTGTGGTAGTGTTGGTTACACCAAGGAG	1	0.9872958257713249	TGGTACATTCACTGTTGTAATGCGTCCT	{10813}
3.434222420167963	30089	30211	122	30089	1	0.9909255898366606	CCAGTGCTTTTATGGGTATGTCGCAATTTA	30181	2	0.9909255898366606	GCCATAAAATTAGACTCAAAGAACCCCAAC GCCATTAAACTTGACCCAAAGAATCCCAAC	1	0.9836660617059891	GAACAATGATGATCATGGCAACCCTGTG	{30132}
3.439351599001681	18574	18697	123	18574	2	0.9909255898366606	CTCTCGTGTTATATCCAGAATGGGCTTTAA CTCTCGTGTTATTTCCAGGATGGGCTTTAA	18667	1	0.9909255898366606	AGTTCGAAGCTGGATAGGCTTCGATGTTGA	1	0.9872958257713249	CAACAGTTCCTGGATATCCTAAGCTTTT	{18612}
3.4444	14016	14140	124	14016	1	0.9909255898366606	AGGGCATCATTTAGACTCCTATTTTGTCGT	14110	2	0.9909255898366606	GATGCTGTAGCTCCCCATGATTTCTTCATC GATGCTGTTGCACGCCATGATTTCTTTGTT	1	0.9872958257713249	TAAGAGGCATACTATGGAGAATTTTGAA	{14046}
3.4444	14073	14197	124	14073	2	0.9909255898366606	ACTAGAGAAGCACTGTTACGATTTGTTACG GCTTGAGAAGCGCTGTTATGAGCTTCTTAA	14167	1	0.9909255898366606	CATATTGTACGTCAGCGTTTAACTGAGTAC	1	0.9891107078039928	TGTCTGTGATGCTGTAGCTCCCCATGAT	{14103}
3.4444	16674	16798	124	16674	1	0.9909255898366606	TGGGACATGCATCCGTAGACCATTTCTCTG	16768	2	0.9927404718693285	TACGTTTGTAATGCCCCTGGTTGTGGCGTT TATGTCTGCAATGCACCAGGCTGTGACGTT	1	0.985480943738657	ACATAAGATGGTTTTGTCTGTTTCTCTT	{16740}
3.4493701280549223	11275	11400	125	11275	1	0.9909255898366606	AATCCTTGGCAGTACTATGTTGGAAGATGA	11370	2	0.9909255898366606	TGACGTATGGTACATTCCATTGGCTGGTAG TTACATATGGTACTGCGCATTGGTTGTTCG	1	0.9872958257713249	CTGAGGATGTTAATATGCAGCTTATGGG	{11313}
3.4493701280549223	21408	21533	125	21408	1	0.9909255898366606	CCGACATGTATGATCCTACTACTAAGAATG	21503	2	0.9909255898366606	CTTGCTCTGGGTGGTTCTGTTGCTATTAAA CTTGCTCTTGGTGGGTCTGTTGCTATTAAA	1	0.985480943738657	AACAGGTAGTAATGATTCAAAGGCTTTA	{21439}
3.4496354666358684	10333	10439	106	10333	1	0.9909255898366606	TGCAGCATGTCATCTTGCTAAAGCCTTACA	10409	2	0.9909255898366606	TGTAGCATAACCTCTGGCGTGTTGCAAAGC TGTAGCATTACTTCTGGTGTGTTACAGAGT	2	0.9872958257713249	AACATACAGCGAGACTGGTAGGGATCTT ACATATAGCGAGACTGGTAGTGATCTTC	{10363} {10364}
3.454264373321448	8679	8805	126	8679	1	0.9909255898366606	AGGTAGTCTCATTGATTGTAATGCGGCTTC	8775	2	0.9909255898366606	ACTCTCGGATGCACTTAAACGACAGATTCG ACTTTCCGATGCTCTTAAACGACAGATTCG	1	0.985480943738657	ACCAAATTGTCTTGCGTAATTCTAATGG	{8714}
3.454264373321448	22597	22723	126	22597	2	0.9909255898366606	AAAAATGCCTCTCTCAACTCTTTCAAGGAG CGTAATGCCAGTCTGAACTCTTTTAAGGAG	22693	1	0.9909255898366606	TGGTTTGGCATTACACAAACTGCTCAAGGT	1	0.9872958257713249	TTTAATTTACGTAACTGCACCTTTATGT	{22630}
3.459085018119717	19363	19490	127	19363	2	0.9909255898366606	CAACGTCGTACGTGCTGCTCTTCTTGCCGG CAATGTCGTACGTGCTGCTCTCTTAGCAGG	19460	1	0.9909255898366606	GATTGGCATTATTTTGATGCACAGCCCTTG	1	0.9872958257713249	TTCATTTGACAAAGTCTATGATATTGGC	{19393}
3.463834243325825	19769	19897	128	19769	2	0.9909255898366606	GTACATGGTAGTGGCAGTATGTTAGAAGAT GTGCATGGTAATGGTAGTATGATAGAGGAT	19867	1	0.9909255898366606	GAAGCATGCTACAGAGTACAGAGAGTATAT	1	0.9836660617059891	CCTAAAATCTGCAGTCTGTATTACAGCT	{19813}
3.47767380995394	12102	12233	131	12102	1	0.9909255898366606	CACAAGAGTTCAGATTCATGACTGCTAACA	12203	2	0.9909255898366606	CCTTGTATAAAGGTTGCTAGTGTTCAATCC CCTTGTATAAAGGTTGCTGCTATGCAGTCT	1	0.9872958257713249	TAACTGCACCTAGAAATTCTTGGGAGGC	{12135}
3.4952435130281843	24923	25058	135	24923	1	0.9909255898366606	ACTCAACAGGTTCTTTCAGAGAACCAAAAG	25028	2	0.9909255898366606	AAAGTGCAAGAGGCTGTGAATGCTAATGCA AAGGTTCAGGATGCTGTGAACAACAATGCA	1	0.9872958257713249	GCCAATAAGTTTAATCAGGCTCTGGGAG	{24959}
3.4994894934871645	12596	12732	136	12596	2	0.9909255898366606	CAGAAGGCTGTTAACGTTGCTAAAAATGCC CAGAAGGCTGTTAATATAGCTAAAAACGCC	12702	1	0.9909255898366606	CACGTGCTGAAGACAAGAAAGCAAAAATTG	1	0.9872958257713249	TATGAGAAGGATAAGGCAGTGGCCCGTA	{12626}
3.4994894934871645	29448	29584	136	29448	2	0.9909255898366606	TCCCAGATGGTTTTTCTACTACACTGGAAC TCCCAGGTGGTACTTCTACTACACTGGAAC	29554	1	0.9927404718693285	GCTCCTTCAACTTTTGGGACGCGGAACCCT	1	0.9836660617059891	GACCCGAAGCAGCACTCCCATTCCGGGC	{29480}
3.5036799693424068	10334	10471	137	10334	1	0.9909255898366606	GCAGCATGTCATCTTGCTAAAGCCTTACAA	10441	2	0.9927404718693285	TTTGGTGAAAATGTCACATCCCAGTGGAGA TTTGGTTAAAATGTCACATCCTAGTGGTGC	1	0.9872958257713249	ACATATAGCGAGACTGGTAGTGATCTTC	{10364}
3.5036799693424068	16713	16850	137	16713	2	0.9909255898366606	CTGCTACGACCATGTTATAGCAACTCCTCA CTGCTATGATCATGTTATAGCAACTCCACA	16820	1	0.9927404718693285	TAGGTGGTATGAGCTACTTTTGTGTAGATC	1	0.985480943738657	GATGGTTTTGTCTGTTTCTCCTTATGTT	{16746}
3.5036799693424068	25807	25944	137	25807	1	0.9909255898366606	GTCTTACATAGACCTTAAAGAGCTTGGCAA	25914	2	0.9909255898366606	TCTTCTTCATACTGTGCTGCACTGGTTGTG TTTTCTTCATACTGTGTTGCACAGGTTGTG	1	0.9872958257713249	TTTCATTGCTGGGCTTGTTGCCTTAGCT	{25879}
3.5119000822449524	10577	10716	139	10577	2	0.9927404718693285	CAATTGGCTGATCCTAACTATGATGCTTTG CAGTTGTCTGATCCTAATTATGATGCCTTG	10686	1	0.9909255898366606	CCATGCAAGGCACTCTTTTGAAGTTGACTG	1	0.985480943738657	AGTGTGCAGAAACACATTGGCGCTCCAG	{10634}
3.5119000822449524	13573	13712	139	13573	1	0.9909255898366606	TGTTAAACCAGAGAGTACAGCTGATCAAGA	13682	2	0.9909255898366606	AAGGGTAAGTTTGTCCAAATCCCTGCTCAG AAGGGTAAGTTTGTCCAAATTCCATCTCAG	1	0.9872958257713249	GACTTATGGTGGAGCTTCAGTGTGTCTC	{13603}
3.515932422683972	10210	10350	140	10210	2	0.9909255898366606	CAAGGACACTTATGCAGCTCTTAGAAACTC CAAGGATACTTATGCTGCTCTCAGAAATTC	10320	1	0.9909255898366606	CTTATCGTGAAGCTGCAGCATGTCATCTTG	1	0.9872958257713249	TTAACTAATGATGCCTATTCACGATTTT	{10241}
3.515932422683972	25743	25883	140	25743	2	0.9909255898366606	CTACATTACTCGATCTTACCTACGAGATGT CTACCCTACTTGATCTTAGTGGTGAGATGT	25853	1	0.9909255898366606	AAATGGCCGTGGTACATTTGGCTTGGTTTC	1	0.9872958257713249	TGTCTCTTCAACAAGTTGTTAAAGCCCT	{25773}
3.5277337616452864	18838	18981	143	18838	2	0.9909255898366606	ACCCCCACCTGGTGAACAATTTAAACACTT TCCTCCACCAGGTGAACAGTTTAAGCACCT	18951	1	0.9945553539019963	TGTCTGATTACTGTACGTTTGTTTGTTGGG	1	0.9818511796733213	CGTGCCTCTTATGCATAAGGGGGCTGCG	{18868}
3.5315729313414406	9353	9497	144	9353	1	0.9909255898366606	CCTATAAGAGTTTCTCTGATAGTGGTTGCA	9467	2	0.9909255898366606	CTCATCCGTACAGTGCAATGAAGCCCCATG CTTTTGCGTACAGTCAGATGAGGCCTCATG	1	0.9818511796733213	CACTATGTTTATGGATGCAGAGGGCCGT	{9399}
3.535366666009797	5658	5803	145	5658	1	0.9909255898366606	ACGCATGGTTTGGAGAGAGTGGTGCAATGT	5773	2	0.9909255898366606	ATGACATATGTATGCCAGTGTGGTGGTGAA ATGCTTACGACGTGCCAATGTGGTGCTGAG	1	0.9872958257713249	TAAAAGATGTTGTTCTACAAGGCTTAAA	{5696}
3.535366666009797	18793	18938	145	18793	2	0.9909255898366606	AGTCGATACAGAGTGGGGAAATATGATGAC TGTAGACACTGAGTGGGGTAACATGTTAAC	18908	1	0.9927404718693285	AGACGACGTATAGTGCAAATGTTGTCAGAC	1	0.9836660617059891	AGTTTAAGCACCTCGTGCCTCTTATTCA	{18855}
3.542822044777587	2935	3082	147	2935	1	0.9909255898366606	GTCGAGTACAACATTCATGCTGTATTAGAC	3052	2	0.9909255898366606	GTCTCAGACTTGCTTGTTAAATTACTGCGT GTTGTAGACTTGCTTGCTAAATTGCTACGT	1	0.985480943738657	ATTGATGAGTTTGCTGACGTAGTAAAGG	{3019}
3.542822044777587	12420	12567	147	12420	1	0.9909255898366606	GTAATGTAGATCTTGATGCGTTAGCTAGTG	12537	2	0.9909255898366606	AAGCCTATCAGGAAGCTATGGACTCTGGTG AGTCTTATCAAGAAGCTTTAGACTCAGGTG	1	0.9872958257713249	ATATTTTTGACACTCCTAGCGTACTTCA	{12450}
3.542822044777587	21238	21385	147	21238	1	0.9927404718693285	TGGTTCTGATAAAGGTATCGCTCCTGGTAC	21355	2	0.9909255898366606	ATTTGGAGACTGTGTAACTGTACGTGTTGG ATTTGGAGATTGTGTAACTGTACGTGTCGG	1	0.985480943738657	CGACAGTGGCTTCCTACAGATGCCATTA	{21278}
3.5464857056612074	20444	20592	148	20444	1	0.9909255898366606	CCTGATTATGCTTACTTCAATGGTGCTATC	20562	2	0.9927404718693285	TTTACACACAAGGTCGCTCTTGTAGTGACT TTTACACTCAGAGTCGCTCTTGTAGTGACT	1	0.9891107078039928	TCCGTGATAGTGATGTTGTTAAACAACC	{20475}
3.5607354666358684	4932	5084	152	4932	1	0.9909255898366606	GCATTTAGTCGAGGGTGAACTATTGGTGCA	5054	2	0.9909255898366606	TGCCATTTGAAACTGTTGAGGCTTGTCGCA TTCCATTTGAAACACTTTCAGCATGTCGTG	1	0.9872958257713249	AGACTTACGCTTAAATAAGCTCCTGCAT	{4962}
3.5642010878282044	13953	14106	153	13953	1	0.9909255898366606	GGTTGCTGGTATTGGAAAATACTACAAGAC	14076	2	0.9909255898366606	AGAGAAGCACTGTTACGATTTGTTACGTGA TGAGAAGCACTGTTATGAGCTTCTTAAGGA	1	0.9872958257713249	TTAAGAGGCATACTATGGAGAATTTTGA	{14045}
3.5676296428427707	13407	13561	154	13407	2	0.9909255898366606	CCGGTTCTAATACCGAGTTTGCTTCTAATT CTGGTTCTAACACCGAGTTTGCCTCTAATT	13531	1	0.9909255898366606	TAAGATGCTTACTCCTAAAACTGGTACAGG	1	0.9872958257713249	ATCTCGATTTCGTCAATGCGGGAGGTGC	{13485}
3.5676296428427707	16563	16717	154	16563	1	0.9909255898366606	TTCTGCTAAGTTTTGGGAAGAGGCATTCTA	16687	2	0.9909255898366606	CGTAGACCATTTCTCTGCTGTAAATGCTGC CGTAGACCATTTCTTTGTTGTAAATGCTGC	1	0.9872958257713249	GACTTCCTTACGCTGTGGGACATGCATC	{16659}
3.5710219161711367	21408	21563	155	21408	1	0.9909255898366606	CCGACATGTATGATCCTACTACTAAGAATG	21533	2	0.9909255898366606	ATAACAGAACACTCTTGGAGCGTTGAACTT ATAACGGAACACTCTTGGAGTGCTGATCTT	1	0.985480943738657	AACAGGTAGTAATGATTCAAAGGCTTTA	{21439}
3.5777006335339796	17904	18061	157	17904	2	0.9909255898366606	CTAGACTAATGTGTAACTTAGGACCTGACA CTAGATTGATGTGTAACTTAGGTCCTGACA	18031	1	0.9909255898366606	AGGCCAGTGCTTTAAAATACTCTATAAGGG	1	0.9836660617059891	TAAGGAAATAGTAAGCACTGTGAGCTCT	{17962}
3.580988527362399	8679	8837	158	8679	1	0.9909255898366606	AGGTAGTCTCATTGATTGTAATGCGGCTTC	8807	2	0.9909255898366606	TAGCATGCCGTAAGTGTAATTTGGCTTTCC TTGCATGCCGTAAGTGTAATTTAGCTTTCC	1	0.985480943738657	ACCAAATTGTCTTGCGTAATTCTAATGG	{8714}
3.580988527362399	11275	11433	158	11275	1	0.9909255898366606	AATCCTTGGCAGTACTATGTTGGAAGATGA	11403	2	0.9909255898366606	CCCTTGTCTCAACCTATGTGATAATCTTAC CTCTTGCGCTAACTTATGTGATATTCTTGC	1	0.9872958257713249	CTGAGGATGTTAATATGCAGCTTATGGG	{11313}
3.580988527362399	26012	26170	158	26012	1	0.9909255898366606	CCGCATAAGGTTCATGTTCACTAATTAACG	26140	2	0.9909255898366606	ACCTGAACATTGCCAGAATTATTCTGGTCG ACCTGAGCATTGTCAGAATTATTCTGGTTG	1	0.9872958257713249	TCAAAGACCACCCACTCTCTTGTTAGTG	{26059}
3.584226686365171	28160	28290	130	28160	1	0.9945553539019963	GGAAAACGAACTATGTTACCCTTTGTCCAA	28260	2	0.9909255898366606	GTATGGCATTCCTTACGGCCACGCGATTAT GTATGGCTTTCCTTACGGCTACTAGATTAT	2	0.9818511796733213	GAACGAATAGGGTTGTTCATAGTAAAAT GAACGAGTAGGGTTGTTCATAGTAAACT	{28190} {28190}
3.5906545914674486	7421	7582	161	7421	1	0.9909255898366606	ATGTACCTACATTCTGCGCAAACCGTTCTG	7552	2	0.9909255898366606	TGGTTGTGGTTTGCACTTGAGGCTGTTTTA TGGTTGTGGTTTGCATTTGAGACTGGTTTG	1	0.9872958257713249	CAATGTGTAATTGGTGCTTGGTTAGCCA	{7451}
3.5906545914674486	14265	14426	161	14265	2	0.9909255898366606	CCTAGTTAAGTATGGTTGTTGTGATGCTAC CTTAGTGAAGTATGGTTGCTGTGATGTTAC	14396	1	0.9909255898366606	CTGTTAAATTTTGTGACCACATGGTCAAGG	1	0.985480943738657	TGTTTATCATAAACTTGGAGAACGTCTA	{14349}
3.596940417140111	26439	26602	163	26439	1	0.9909255898366606	TACTTGTTTGTATATCCCTAAACCCACAGC	26572	2	0.9909255898366606	TTGGCCAAACAGGACGCAGCTCAGCGAATC TTGGCCAAACAGGATGCAGCACAGCGAATC	1	0.9872958257713249	CTGAATCTGCTGTTAATTCTACAAAAGC	{26543}
3.6000377053709505	14372	14536	164	14372	2	0.9909255898366606	GTATTCGCCAGGCTGTTTTAAACACTGTTA GTGTACGCCAAGCTATCTTAAACACTGTTA	14506	1	0.9909255898366606	CAACCTGGTTCAGGAGTAGCTATAGTTGAT	1	0.9909255898366606	GTCAAGGCTGGTTTAGTCGGTGTGCTCA	{14419}
3.6020405378427522	9624	9758	134	9624	1	0.9909255898366606	AGAGGGTGTTTGTATTACCACAAATGGCTC	9728	2	0.9909255898366606	GAAGGCTTTTGCTAACTTTCTTTCAACCTG GGCGGTTAGCAGTATCACTGTTCCAGCCTA	2	0.9872958257713249	CCTGGTGTCTATTGTGGCTCTGATTTTA CCTGGTGTCTATTGTGGTTCTGATTTTA	{9688} {9688}
3.6031053540254123	12731	12896	165	12731	1	0.9909255898366606	GTCAGTGCTATGCAAACTATGTTGTTTGGT	12866	2	0.9909255898366606	CGCGTTGTAATTCCTGACTTCACCGTCTGG CGTGTAGTAATTCCAGATTTTACAGTCTGG	1	0.985480943738657	TTGTATACCTCTTAGTGTCATTCCATTG	{12820}
3.6031053540254123	24923	25088	165	24923	1	0.9909255898366606	ACTCAACAGGTTCTTTCAGAGAACCAAAAG	25058	2	0.9927404718693285	CAAGCACTTTCTAAACTCGCATCAGAATTG CAGGCTCTATCCAAATTAGCTAGCGAGCTA	1	0.9872958257713249	GCCAATAAGTTTAATCAGGCTCTGGGAG	{24959}
3.6061439250039427	10492	10658	166	10492	1	0.9909255898366606	GGTTACCTGCGGTAGCATGACTCTTAATGG	10628	2	0.9909255898366606	AGTTTCAGTGTGCAAAAACACATTGGCGCT AGTTTTAGTGTACAGAAACATGTTGGTGCG	1	0.9836660617059891	CACAGTCTGGTGCCCGCGACACGTAATG	{10537}
3.6061439250039427	11219	11385	166	11219	1	0.9909255898366606	ATTGAACAGCTGCTTTATGCGATCCAACAA	11355	2	0.9909255898366606	GTGGAGCTAGAAAAGTCACATATGGTATGG GTGGTGTGAGAAAAGTTACATATGGTACTG	1	0.9872958257713249	CTTTATACTGGGTTCCAGGGAAAGCAAA	{11249}
3.615090556965433	8968	9137	169	8968	2	0.9909255898366606	GCTACCATTATTGTGTTTCTGTGTGCTGTA GTTACCATTATAGTCTTACTGTGTGCTGTG	9107	1	0.9909255898366606	CTGATGATAAGTGCTTTGCTAATAAGCACC	1	0.9872958257713249	CTGATGTATTTGTGTTTACCTACATTTT	{8998}
3.615090556965433	19363	19532	169	19363	2	0.9909255898366606	CAACGTCGTACGTGCTGCTCTTCTTGCCGG CAATGTCGTACGTGCTGCTCTCTTAGCAGG	19502	1	0.9909255898366606	CAACAGCTTTTCTATACAGAGGACATGGCC	1	0.9872958257713249	TTCATTTGACAAAGTCTATGATATTGGC	{19393}
3.6209192055029935	19712	19883	171	19712	2	0.9909255898366606	GCATTCCGTGATCTGAAACCTTTACCATTC GCATTTCGTGATCTGAAACCTTTACCATTC	19853	1	0.9909255898366606	GGCGCTGTTTGTAGGAAGCATGCTACAGAG	1	0.9818511796733213	ATAGAGGATGTTGATTATGTACCCCTAA	{19790}
3.6266437654486547	25661	25834	173	25661	2	0.9909255898366606	GACTTCAAGGATGAGTTGGACGAGTTTTTC GACTTCCAAGATGAGTTGGATGAGTTTTTC	25804	1	0.9909255898366606	TGAGTCTTACATAGACCTTAAAGAGCTTGG	1	0.9818511796733213	TATATCTAATTTTGGTTCTCTAACACAG	{25708}
3.63226788931984	11313	11488	175	11313	1	0.9909255898366606	CTGAGGATGTTAATATGCAGATTATGGGTG	11458	2	0.9909255898366606	CTACTTGTTTGAGACTATTCCCACACAGTT TTATCTGTTTCAGACCATTCCGACTCAGCT	1	0.9836660617059891	GTGCATTGGTTGTTCGCGACCCTTGTCT	{11384}
3.634948055426138	15096	15238	142	15096	2	0.9909255898366606	CGTGGTATCTAAAGGTTTCTTTAAGGAGGG TGTTGTCTCAAAAGGCTTCTTTAAAGAGGG	15208	1	0.9909255898366606	CTGCCTACTATGTGTGACATCAAACAAATG	2	0.9891107078039928	CTCTTCAGTGATGCTCAAACATTTTTTC CTCTTCAGTTACGCTTAAACATTTTTTC	{15126} {15126}
3.640523285568201	6254	6432	178	6254	2	0.9909255898366606	CAGGCGGTGATGCTATTAGTTTAAGCTTTA CTGGCGGTGATGCTATTAGTTTGAGTTTTA	6402	1	0.9909255898366606	TAAGAATGGTGCCATGTATAAAGGCAAACC	1	0.9872958257713249	CCAGTCATTAAGAAATACACTTACTCCT	{6313}
3.6459110903442125	13304	13484	180	13304	2	0.9909255898366606	CCAAAAGGACCTGAAATCCGATATCTCTAT CCTAAGGGACCGGAAATCCGTTATTTGTAT	13454	1	0.9909255898366606	GTTAACTTCACCGTTGATCCTCAAAAAGCT	1	0.9872958257713249	CGGGCAAGTGTTAGGGCACATTGCTGCG	{13363}
3.648571411322415	8259	8440	181	8259	1	0.9909255898366606	CCAGGAAAGTTTAGCTAGGTCTGCATGTGT	8410	2	0.9909255898366606	TCGCTGTATAATGTCACACGCGATAAGTTG TCGTTGTACAATGTCACACGTGATAAGTTG	1	0.9872958257713249	TCTTTTGGTTGACTCAAGTTTGGTTACT	{8319}
3.651209836406473	15956	16138	182	15956	1	0.9927404718693285	GTGCTAATGGCAACAAGATTGTTGACAAAG	16108	2	0.9909255898366606	GATGACGGTGTCGTTTGCTATAATAGTGAT GATGATGGTGTTGTCTGCTATAACAGTGAA	1	0.9818511796733213	GTCAATGTTTATAGGAGCACTAGCCCAG	{16015}
3.653826723086379	13953	14136	183	13953	1	0.9909255898366606	GGTTGCTGGTATTGGAAAATACTACAAGAC	14106	2	0.9927404718693285	CTGTGATGCTGTAGCTCCCCATGATTTCTT TTGCGATGCTGTTGCACGCCATGATTTCTT	1	0.9872958257713249	TTAAGAGGCATACTATGGAGAATTTTGA	{14045}
3.653826723086379	19180	19363	183	19180	1	0.9909255898366606	TGCTACTAATCACGATCGTTATTGCTCTGT	19333	2	0.9909255898366606	ATTGAATTCCTGTTGTAGAATCGTTGAGCG GTTGAATTCCTGCTGTAGGCTTGTTGAGAA	1	0.9872958257713249	ATCAAGGAGCTCATGTGGCTTCTAATGA	{19212}
3.6589972680519156	9624	9809	185	9624	1	0.9909255898366606	AGAGGGTGTTTGTATTACCACAAATGGCTC	9779	2	0.9909255898366606	CCTCATTGGTCTTGGGTATAGGTTTGTGTG CTTCTTTGGTTTTGGGTATAGGTTTGTGTG	1	0.9872958257713249	CTCTGATTTTATTGACATTGTCAGGCGG	{9705}
3.6615515990016814	4932	5118	186	4932	1	0.9909255898366606	GCATTTAGTCGAGGGTGAACTATTGGTGCA	5088	2	0.9909255898366606	TCTTGATTCACGTACGACACAGCAATTAAC TTTGGATTCACGCACGACACAGCAGTTAAC	1	0.9872958257713249	AGACTTACGCTTAAATAAGCTCCTGCAT	{4962}
3.6615515990016814	20668	20854	186	20668	1	0.9909255898366606	AAACTATGCTTTTGAGCACGTAGTCTATGG	20824	2	0.9927404718693285	TACTGAAACTAACACAGCGTCATTTAAGGC TACTGAGACTAACACAGCGGCTTTTAAGGC	1	0.9836660617059891	GGCGGTCTTCACTTGTTTATTGGTTTAT	{20720}
3.6640857374007747	10169	10356	187	10169	2	0.9909255898366606	TGTACGTTTCAGGAAGCTGCAAGTAATATC TGTAGTTTCCAGGACGCTGCCTCTAATATC	10326	1	0.9909255898366606	GTGAAGCTGCAGCATGTCATCTTGCTAAAG	1	0.9872958257713249	ATGCAGCTCTTAGAAACTCTTTAACTAA	{10221}
3.6640857374007747	12102	12289	187	12102	1	0.9909255898366606	CACAAGAGTTCAGATTCATGACTGCTAACA	12259	2	0.9909255898366606	AGTGGTTCTTCTCTCAGTGCTTCAGCAGTT TGTGGTTCTCCTCTCTGTGCTCCAACAGTT	1	0.9872958257713249	TAACTGCACCTAGAAATTCTTGGGAGGC	{12135}
3.6640857374007747	17904	18091	187	17904	2	0.9909255898366606	CTAGACTAATGTGTAACTTAGGACCTGACA CTAGATTGATGTGTAACTTAGGTCCTGACA	18061	1	0.9909255898366606	CAATGTGACGCATGATGCTAGCTCTGCCAT	1	0.9836660617059891	TAAGGAAATAGTAAGCACTGTGAGCTCT	{17962}
3.6666	7338	7526	188	7338	1	0.9909255898366606	GTTCTACAAAGAAGTTAGAGCTTACCTAGG	7496	2	0.9909255898366606	ACCCAGCTCTTAAGATGGTTCAAACACATC ATTCAGCTCTTAAGATGGTGCAGACCCACA	1	0.9872958257713249	AATCTCTTCTGCTTGTGACGGTCTTGCT	{7368}
3.6666	8679	8867	188	8679	1	0.9909255898366606	AGGTAGTCTCATTGATTGTAATGCGGCTTC	8837	2	0.9909255898366606	GGTTAACCACCTCAAAGCTACGCGCTAATG GTCTTACCACCTCAAAGCTTCGTGCTAATG	1	0.985480943738657	ACCAAATTGTCTTGCGTAATTCTAATGG	{8714}
3.6666	12933	13121	188	12933	1	0.9909255898366606	GGGCTTTGTGGGACATTACAGTTATAAACA	13091	2	0.9909255898366606	CCTTCAGGTTTAAAAACCATGGTTGTGTCT CCTTCTGGTCTTAAGACTATGGTTGTGTCT	1	0.9872958257713249	CTTGTTTTAGAATGCACTAGGGCATCCA	{13028}
3.6666	18793	18981	188	18793	2	0.9909255898366606	AGTCGATACAGAGTGGGGAAATATGATGAC TGTAGACACTGAGTGGGGTAACATGTTAAC	18951	1	0.9945553539019963	TGTCTGATTACTGTACGTTTGTTTGTTGGG	1	0.9836660617059891	AGTTTAAGCACCTCGTGCCTCTTATTCA	{18855}
3.6666	26012	26200	188	26012	1	0.9909255898366606	CCGCATAAGGTTCATGTTCACTAATTAACG	26170	2	0.9909255898366606	CATGCTTAGGGCTTGTATTAAAACTGCCCA TATGCTCAGAGCTTGTATTAGGACTGCCCA	1	0.9872958257713249	TCAAAGACCACCCACTCTCTTGTTAGTG	{26059}
3.674026590941621	7421	7612	191	7421	1	0.9909255898366606	ATGTACCTACATTCTGCGCAAACCGTTCTG	7582	2	0.9909255898366606	GCATACATGCTCTATACCTCGGCCTTCAAC GGTTATGCATTGTACACTGCGGCTTTTAAC	1	0.9872958257713249	CAATGTGTAATTGGTGCTTGGTTAGCCA	{7451}
3.678883757168364	26439	26632	193	26439	1	0.9909255898366606	TACTTGTTTGTATATCCCTAAACCCACAGC	26602	2	0.9909255898366606	GCCTGGCTGCTCCATAGAGATGGAGGAATA GCTTGGTTGCTACATAAGGATGGAGGAATC	1	0.9872958257713249	CTGAATCTGCTGTTAATTCTACAAAAGC	{26543}
3.6812850181197168	14736	14930	194	14736	1	0.9909255898366606	TGATGACCGTTGTGTGTTACATTGTGCTAA	14900	2	0.9909255898366606	TGGATGTTAGCCTCCATAGACATCGACTCT TGGATGTTAGTCTCCATAGACATAGGCTCT	1	0.9836660617059891	GTTTGCTATGACTATGCCTAAGACTTGT	{14778}
3.686034243325825	10334	10530	196	10334	1	0.9909255898366606	GCAGCATGTCATCTTGCTAAAGCCTTACAA	10500	2	0.9909255898366606	GCGGTAGCATGACTCTTAATGGTCTTTGGC GTGGTAGCATGACTCTTAATGGTTTATGGT	1	0.9872958257713249	ACATATAGCGAGACTGGTAGTGATCTTC	{10364}
3.686034243325825	11219	11415	196	11219	1	0.9909255898366606	ATTGAACAGCTGCTTTATGCGATCCAACAA	11385	2	0.9909255898366606	CGCATTGGTTGTTCGCGACCCTTGTCTCAA TCCATTGGCTGGTAGCCACATTGGTTTTGT	1	0.9872958257713249	CTTTATACTGGGTTCCAGGGAAAGCAAA	{11249}
3.686034243325825	13407	13603	196	13407	2	0.9909255898366606	CCGGTTCTAATACCGAGTTTGCTTCTAATT CTGGTTCTAACACCGAGTTTGCCTCTAATT	13573	1	0.9909255898366606	TGTTAAACCAGAGAGTACAGCTGATCAAGA	1	0.9872958257713249	ATCTCGATTTCGTCAATGCGGGAGGTGC	{13485}
3.686034243325825	21408	21604	196	21408	1	0.9909255898366606	CCGACATGTATGATCCTACTACTAAGAATG	21574	2	0.9909255898366606	GGGAAAATTTGCTTGGTGGACTGTTTTCTG GGGAAGATTTGCTTGGTGGACTGTGTTTTG	1	0.985480943738657	AACAGGTAGTAATGATTCAAAGGCTTTA	{21439}
3.6883827288338287	16113	16310	197	16113	2	0.9945553539019963	CGGTGTCGTTTGCTATAATAGTGATTATGC TGGTGTTGTCTGCTATAACAGTGATTATGC	16280	1	0.9927404718693285	CGCTTTATATTAAGGATGGCGACGATGGTT	1	0.9872958257713249	CTAAGGGTTATATTGCTGGAATACAGAA	{16145}
3.693028706359163	28479	28678	199	28479	1	0.9909255898366606	TATTAAAGACTGGAACTTTGCATGGTCCCT	28648	2	0.9909255898366606	ATAGACTTAGCTTCCCAGATTATTTCTGGC ATTGATCTAGCTTCCCAGATAATCTCTGGC	1	0.985480943738657	GCTATCAATATTTAGCGCCGTTTATCCA	{28620}
3.69987380995394	13700	13902	202	13700	2	0.9909255898366606	ATCCCTGCTCAGTGTGTCCGTGACCCTGTG ATTCCATCTCAGTGTACTCGTGACCCTGTT	13872	1	0.9909255898366606	TGCCCGAATAGAACCCTGTTCAAGTGGTTT	1	0.9909255898366606	GGATTTTGTTTGTCAAATACCCCCTGTA	{13730}
3.69987380995394	14181	14383	202	14181	1	0.9909255898366606	GCGTTTAACTGAGTACACTATGATGGATCT	14353	2	0.9909255898366606	TATCACAAACTTGGAGAACGTATTCGACAG TATCATAAACTTGGAGAACGTGTACGCCAA	1	0.9872958257713249	AGTGAAGTATGGTTGCTGTGATGTTACC	{14268}
3.69987380995394	18667	18869	202	18667	1	0.9909255898366606	AGTTCGAAGCTGGATAGGCTTCGATGTTGA	18839	2	0.9909255898366606	CCCCCACCTGGTGAACAATTTAAACACCTG CCTCCACCAGGTGAACAGTTTAAGCACCTC	1	0.985480943738657	TAACATGTTAACGGGCATTGCTGCCCGT	{18811}
3.702123411032158	7940	8143	203	7940	1	0.9909255898366606	GGCATAATTGGAATTGTGTGGATTGTGACA	8113	2	0.9909255898366606	TATACCAGAGATGGGCAGGTCTGCTATGAG TATCGTAGAGACGGTCAACCATTCTACGAG	1	0.9800362976406534	TCTGTTACAGTTAAAGAGACTGTTGTTC	{8077}
3.7043573353204815	5658	5862	204	5658	1	0.9909255898366606	ACGCATGGTTTGGAGAGAGTGGTGCAATGT	5832	2	0.9909255898366606	ACCTTGGCTGTTACTCTCAGGCACACCAAA CCCCTGGTTGCTGCTCTCAGGCACACCAAA	1	0.9872958257713249	TAAAAGATGTTGTTCTACAAGGCTTAAA	{5696}
3.7043573353204815	8576	8780	204	8576	1	0.9909255898366606	CTGTGCAGTATGCTCATAAACATGACATAC	8750	2	0.9909255898366606	TTTGGAACGCTGCTGCATACATGAAACTTT TTTGGAACGCTGCTGCATATATGAAACTCT	1	0.9872958257713249	GTAATGCGGCTTCAGTTAACCAAATTGT	{8696}
3.706575799801318	14631	14836	205	14631	1	0.9945553539019963	GTGGCCACTTACTGAGTATGATTTTACTGA	14806	2	0.9909255898366606	TTCGGACCCATAGTCCGAAAGATCTTTGTT TTTGGACCCATAGTCCGAAAAATCTTTGTC	1	0.9836660617059891	GTTTGCTATGACTATGCCTAAGACTTGT	{14778}
3.706575799801318	26263	26468	205	26263	2	0.9909255898366606	CACAGAGTCAGTTACTGTTGATCGTGGATC TACTCAATCAGTTTCTGTCGATCGTGAGTC	26438	1	0.9909255898366606	CTACTTGTTTGTATATCCCTAAACCCACAG	1	0.9872958257713249	ATTTGGCAGAAGTACCTTAATTCACCGT	{26407}
3.708040417140111	18144	18307	163	18144	1	0.9963702359346642	GGAGTAAGGCAGTCTTTATTTCGCCTTATA	18277	2	0.9909255898366606	AGATACGGCACATGCTAACAACATTAACAG AGATACTGCACATGCTAACAACATTAACCG	2	0.9818511796733213	CTGTGGCTCGTTCAATTCTGGGTCTTAC GTGGCTCGTTCAATGCTGGGTCTTACTA	{18186} {18188}
3.7087790169831396	11313	11519	206	11313	1	0.9909255898366606	CTGAGGATGTTAATATGCAGATTATGGGTG	11489	2	0.9909255898366606	ACTCCACTAATGTTTGTTGTAGCTGCGTGT TTCCCACTCTTATTTGTGACTATGGCCTTC	1	0.9836660617059891	GTGCATTGGTTGTTCGCGACCCTTGTCT	{11384}
3.71096719502264	8968	9175	207	8968	2	0.9909255898366606	GCTACCATTATTGTGTTTCTGTGTGCTGTA GTTACCATTATAGTCTTACTGTGTGCTGTG	9145	1	0.9909255898366606	ACACAATGGTATCATGAGCATGTTGGTGGT	1	0.9872958257713249	CTGATGTATTTGTGTTTACCTACATTTT	{8998}
3.71096719502264	24923	25130	207	24923	1	0.9909255898366606	ACTCAACAGGTTCTTTCAGAGAACCAAAAG	25100	2	0.9909255898366606	GGCGCTATTTCTTCCTCCATTGGTGACATC GGTGCTATTTCCGCCTCTATTGGAGACATC	1	0.9872958257713249	GCCAATAAGTTTAATCAGGCTCTGGGAG	{24959}
3.713140537842752	16029	16237	208	16029	2	0.9909255898366606	GAGCACTAGCCCAGACCCCAAATTTGTTGA GCGTACATCACCTGATCCCAAGTTTGTTGA	16207	1	0.9927404718693285	TTTATGTCTGAAGCTAAATGCTGGGTGGAA	1	0.9872958257713249	TTATAATAGTGATTATGCAGCTAAGGGT	{16125}
3.713140537842752	16509	16717	208	16509	1	0.9909255898366606	AGACCTTACAGGACACATGCTTGACAGTTA	16687	2	0.9909255898366606	CGTAGACCATTTCTCTGCTGTAAATGCTGC CGTAGACCATTTCTTTGTTGTAAATGCTGC	1	0.9872958257713249	GACTTCCTTACGCTGTGGGACATGCATC	{16659}
3.7172439250039426	6159	6325	166	6159	2	0.9909255898366606	CTTCACAAGTCAACCCTCCATAACTTATTC CTTTACAAGTGAACCACCCGTAACATATTC	6295	1	0.9909255898366606	GGGTTTGATTCTAGTAAACCAGTCACTAAG	2	0.985480943738657	AACAGCTACAATTTTAGCTGGTAGTGTC ACCAGCTACAATTTTAGCTGGTGGTGTT	{6189} {6189}
3.717443513028184	7238	7448	210	7238	2	0.9909255898366606	GCACAACTATGGTATTGTTGTCTTCTGTGT GCACAACTATGGTTTTGTTGTCTTCCGTAT	7418	1	0.9909255898366606	TTGATGTACCTACATTCTGCGCAAACCGTT	1	0.9909255898366606	ATCACTTGTATGTCTTCAATCAGGTCTT	{7268}
3.7195735330780324	13649	13860	211	13649	2	0.9945553539019963	GAACATCCTGATGTCTCTGGTGTTTGTAAA GAACATCCTGATGTTTCTGGCGTTTGTAAA	13830	1	1.0	AAGATTCCAATTTTTTAAACGAGTCCGGGG	1	0.9872958257713249	GGGTAAGTTTGTCCAAATCCCTGCTCAG	{13684}
3.7216894934871645	8259	8471	212	8259	1	0.9909255898366606	CCAGGAAAGTTTAGCTAGGTCTGCATGTGT	8441	2	0.9909255898366606	AAAAACTTATCTCTACTGCTCGTGATGGCG ATAAACTTATATCTACAGCTCGCGATGGTG	1	0.9872958257713249	TCTTTTGGTTGACTCAAGTTTGGTTACT	{8319}
3.723791578646307	15956	16169	213	15956	1	0.9927404718693285	GTGCTAATGGCAACAAGATTGTTGACAAAG	16139	2	0.9927404718693285	ATGCAACTAAAGGATACGTTGCTGGTATAC ATGCAGCTAAGGGTTACATTGCTGGAATAC	1	0.9818511796733213	GTCAATGTTTATAGGAGCACTAGCCCAG	{16015}
3.723791578646307	19180	19393	213	19180	1	0.9909255898366606	TGCTACTAATCACGATCGTTATTGCTCTGT	19363	2	0.9909255898366606	CAACGTCGTACGTGCTGCTCTTCTTGCCGG CAATGTCGTACGTGCTGCTCTCTTAGCAGG	1	0.9872958257713249	ATCAAGGAGCTCATGTGGCTTCTAATGA	{19212}
3.7258799693424067	16713	16927	214	16713	2	0.9909255898366606	CTGCTACGACCATGTTATAGCAACTCCTCA CTGCTATGATCATGTTATAGCAACTCCACA	16897	1	0.9945553539019963	GGCTTATACAAGAATATGTGCACAGGTAGT	1	0.985480943738657	GATGGTTTTGTCTGTTTCTCCTTATGTT	{16746}
3.7279548428519353	8353	8568	215	8353	2	0.9909255898366606	GGCAACACTAGTGAAATTGCCATCAAGATG GGTGATTCTAGTGAAATCGCCACTAAAATG	8538	1	0.9909255898366606	TGTGGAGTCTGATGTTGAGACCAATGAAAT	1	0.9872958257713249	GTCTTGCTGTATAATGTCACACGCGATA	{8407}
3.7279548428519353	9257	9472	215	9257	1	0.9909255898366606	CTACATTGGCTTGGGTGAACAATCAGATAA	9442	2	0.9945553539019963	CATGATCCTACTGTTTTGCCTGGGGCTTTT TATGACCCTACTGTATTACCTGGTGCTCAT	1	0.9909255898366606	TTGTTTCTCGAGTCTTTGCTAATACAGG	{9293}
3.7300163730311913	4932	5148	216	4932	1	0.9909255898366606	GCATTTAGTCGAGGGTGAACTATTGGTGCA	5118	2	0.9909255898366606	AATCGAAGTCTTAGTGACTGTCGATGGTGT AGTCGAAGTGCTTGTCACAGTCGATGGGAT	1	0.9872958257713249	AGACTTACGCTTAAATAAGCTCCTGCAT	{4962}
3.7320647304037196	14265	14482	217	14265	2	0.9909255898366606	CCTAGTTAAGTATGGTTGTTGTGATGCTAC CTTAGTGAAGTATGGTTGCTGTGATGTTAC	14452	1	0.9909255898366606	GACAACCAGGACCTTAATGGCAAGTGGTAT	1	0.985480943738657	TGTTTATCATAAACTTGGAGAACGTCTA	{14349}
3.7341000822449524	7624	7842	218	7624	1	0.9909255898366606	GCAGGTACATTGCATTATTTCTTTGCACAG	7812	2	0.9909255898366606	CAAAGATACGGCATGCTTGCTCTGCTATAA CAAGGACACCGCATGCCTTCTTTGTTATAA	1	0.9818511796733213	TTATTTACCCACATTCCAATGGCGGGTT	{7711}
3.7341000822449524	7996	8214	218	7996	1	0.9909255898366606	TGTGAAGAAGTCGCAAATGACCTCACTACC	8184	2	0.9981851179673321	GTTCAAAGAGGTCTGTAAAACTACTACTGG GTTCAAAGAGGTTTGTAAATCTACCACTGG	1	0.9800362976406534	TCTGTTACAGTTAAAGAGACTGTTGTTC	{8077}
3.7341000822449524	9291	9509	218	9291	1	0.9909255898366606	CTTTGTTTCTCGAGTCTTTGCTAATACAGG	9479	2	0.9909255898366606	GTCAGATGAAACCCCATGTCCGCTATGACT GTCAGATGAGGCCTCATGTTCGTTACGACT	1	0.9909255898366606	CAGTGTTTGCTACACTCCTATAGATGAG	{9321}
3.7341000822449524	12933	13151	218	12933	1	0.9909255898366606	GGGCTTTGTGGGACATTACAGTTATAAACA	13121	2	0.9909255898366606	GCAGGTCAAGAGCAAACTAACTGTAATACT GCAGGTCAAGAGCAGACTAATTGTAATACT	1	0.9872958257713249	CTTGTTTTAGAATGCACTAGGGCATCCA	{13028}
3.736122592664184	26376	26595	219	26376	1	0.9927404718693285	CTCTATGGATTACGTGTCTCTGCTTAATCA	26565	2	0.9909255898366606	AAAAGCTTTGGCCAAACAGGACGCAGCTCA TAAAGCTTTGGCCAAACAGGATGCAGCACA	1	0.9872958257713249	ATTTGGCAGAAGTACCTTAATTCACCGT	{26407}
3.738132422683972	6295	6515	220	6295	1	0.9909255898366606	GGGTTTGATTCTAGTAAACCAGTCACTAAG	6485	2	0.9909255898366606	GAGCGTCATTGCGTCAAATTTATGACCTTG GAGCTAGTTTGCGTCAAATTTTTGACGTAG	1	0.9872958257713249	CTTGCCTAAAGAAGACGGCGATGTGTTG	{6342}
3.738132422683972	16563	16783	220	16563	1	0.9909255898366606	TTCTGCTAAGTTTTGGGAAGAGGCATTCTA	16753	2	0.9909255898366606	CTGTCTGTTTCTCCATATGTCTGCAACGCA TTGTCTGTTTCTCCTTACGTTTGTAATGCC	1	0.9872958257713249	GACTTCCTTACGCTGTGGGACATGCATC	{16659}
3.738132422683972	19633	19853	220	19633	1	0.9927404718693285	GTTCAATTTGCCAGGTTGTGATGGCGGTAG	19823	2	0.9909255898366606	GCAGTCTGTATTACAGCTTGTAATTTAGGG GCAGTTTGTATAACGGCGTGTAATTTAGGT	1	0.9818511796733213	ATAGAGGATGTTGATTATGTACCCCTAA	{19790}
3.7421146706409636	25661	25883	222	25661	2	0.9909255898366606	GACTTCAAGGATGAGTTGGACGAGTTTTTC GACTTCCAAGATGAGTTGGATGAGTTTTTC	25853	1	0.9909255898366606	AAATGGCCGTGGTACATTTGGCTTGGTTTC	1	0.9818511796733213	TATATCTAATTTTGGTTCTCTAACACAG	{25708}
3.74799679600542	10092	10317	225	10092	2	0.9909255898366606	GCTTTAGACACTTCTTCTGGGTTTTAGCTT GTTTTAGACATTTCTTCTGGGTTTTGGCCT	10287	1	0.9909255898366606	ATAAGTACTTCTCTGGTGCTATGGAAACAG	1	0.9872958257713249	ATGCAGCTCTTAGAAACTCTTTAACTAA	{10221}
3.74799679600542	19228	19453	225	19228	2	0.9909255898366606	AGCTTCTAACGACGCAATAATGACTCGTTG GGCTTCTAATGATGCAATAATGACTCGTTG	19423	1	0.9909255898366606	TCCTAAAGGAATTCCTATTGTTGATGACCC	1	0.9872958257713249	GTACGTGCTGCTCTTCTTGCCGGTTCAT	{19370}
3.7499337616452864	15063	15289	226	15063	1	0.9909255898366606	GCCTGGCAATTTTAACCAAGACTTCTATGA	15259	2	0.9909255898366606	AACAAGTACTTCGAAATCTATGACGGTGGT AACAAGTACTTCGAGATTTATGACGGTGGT	1	0.9872958257713249	TTTCTTTAAGGAGGGCTCTTCAGTTACG	{15111}
3.7499337616452864	21408	21634	226	21408	1	0.9909255898366606	CCGACATGTATGATCCTACTACTAAGAATG	21604	2	0.9909255898366606	CACCAATGCAAATGCATCCTCATCTGAAGG TACAAACGCAAATGCATCCTCCTCCGAAGG	1	0.985480943738657	AACAGGTAGTAATGATTCAAAGGCTTTA	{21439}
3.751859093787734	12596	12823	227	12596	2	0.9909255898366606	CAGAAGGCTGTTAACGTTGCTAAAAATGCC CAGAAGGCTGTTAATATAGCTAAAAACGCC	12793	1	0.9909255898366606	TGGTATCATTTCTAACGCTAGGAATGGTTG	1	0.9872958257713249	TATGAGAAGGATAAGGCAGTGGCCCGTA	{12626}
3.7537729313414405	26170	26398	228	26170	2	0.9909255898366606	CATGCTTAGGGCTTGTATTAAAACTGCCCA TATGCTCAGAGCTTGTATTAGGACTGCCCA	26368	1	0.9927404718693285	TTAACGAACTCTATGGATTACGTGTCTCTG	1	0.9836660617059891	TATACAAATTTTCGAATTGACGTCCCAT	{26219}
3.7556754107419015	26439	26668	229	26439	1	0.9909255898366606	TACTTGTTTGTATATCCCTAAACCCACAGC	26638	2	0.9909255898366606	GGATGTTCACTCTACTTACGGCACTCAAGC GGATGTTCCCTCTACCTCCGGCACTCAAGT	1	0.9872958257713249	CTGAATCTGCTGTTAATTCTACAAAAGC	{26543}
3.757566666009797	10334	10564	230	10334	1	0.9909255898366606	GCAGCATGTCATCTTGCTAAAGCCTTACAA	10534	2	0.9909255898366606	CAACACAGTCTGGTGCCCACGACACGTAAT CAACTATGTCTGGTGCCCACGTCATGTTAT	1	0.9872958257713249	ACATATAGCGAGACTGGTAGTGATCTTC	{10364}
3.7594468288076466	13304	13535	231	13304	2	0.9909255898366606	CCAAAAGGACCTGAAATCCGATATCTCTAT CCTAAGGGACCGGAAATCCGTTATTTGTAT	13505	1	0.9909255898366606	GGAGGTGCCCCATTGACAAATTGTGTTAAG	1	0.9872958257713249	CGGGCAAGTGTTAGGGCACATTGCTGCG	{13363}
3.761316028494806	13700	13932	232	13700	2	0.9909255898366606	ATCCCTGCTCAGTGTGTCCGTGACCCTGTG ATTCCATCTCAGTGTACTCGTGACCCTGTT	13902	1	0.9963702359346642	GTCCACTGATGTCGTCTTTAGGGCATTTGA	1	0.9909255898366606	GGATTTTGTTTGTCAAATACCCCCTGTA	{13730}
3.765022044777587	8576	8810	234	8576	1	0.9909255898366606	CTGTGCAGTATGCTCATAAACATGACATAC	8780	2	0.9909255898366606	CGGATGCACTTAAACGACAGATTCGCATTG CGGATGCTCTTAAACGACAGATTCGTATAG	1	0.9872958257713249	GTAATGCGGCTTCAGTTAACCAAATTGT	{8696}
3.765022044777587	8903	9137	234	8903	2	0.9909255898366606	TTGTTGGCGGTGCTCCTACATGGTATAATA TTGTTGGTGGTGCTCCTACATGGTTTAATG	9107	1	0.9909255898366606	CTGATGATAAGTGCTTTGCTAATAAGCACC	1	0.9800362976406534	GGGTTATGTTCTTGCTACCATTATTGTG	{8955}
3.770501953228442	9353	9590	237	9353	1	0.9909255898366606	CCTATAAGAGTTTCTCTGATAGTGGTTGCA	9560	2	0.9909255898366606	CACTTAGGATTACTAGAACTCTGTCAACTC CGCTCAGAATTACTAGAACCTTGACTACTC	1	0.9818511796733213	CACTATGTTTATGGATGCAGAGGGCCGT	{9399}
3.770501953228442	28271	28508	237	28271	2	0.9927404718693285	CTTACGGCTACTAGATTATGTGTGCAATGT CTTACGGCTACTCGATTATGTGTGCAGTGT	28478	1	0.9909255898366606	TTATTAAAGACTGGAACTTTGCATGGTCCC	1	0.985480943738657	TTCAATACCCTGTTAGTTCAGCCCGCAT	{28310}
3.7723079683607335	3887	4125	238	3887	2	0.9909255898366606	CCGAACAGACACAGAGTGCCATTGCAAAGC CCGAACAGACACAGAGTGTTACTGTTAAAC	4095	1	0.9909255898366606	TAATGCTGCTAACACACATCTTAAGCATGG	1	0.9836660617059891	ATTCAAGTAGCCAAGTGCTATGGGGAGT	{4057}
3.7758897580044537	9031	9271	240	9031	2	0.9909255898366606	GCGTCAGTTGAATTTTATGATGACCGCATT GTACCTGTTGAATTTTATGAAGACCGCATC	9241	1	0.9909255898366606	ATTCCAGACGTACCTACTACATTGGCTTGG	1	0.9872958257713249	TTGGACTTTAAAGTTCTTGATAATGGTA	{9061}
3.7758897580044537	10253	10493	240	10253	2	0.9909255898366606	GCCTATTCACGATTTTTGGGGTTGTTTAAC GTTTATGCCCGGTACCTCGCCATGTTTAAT	10463	1	0.9909255898366606	AGTGGAGATGTTGAGGCTTGTATGGTTCAG	1	0.9872958257713249	ACATATAGCGAGACTGGTAGTGATCTTC	{10364}
3.7758897580044537	12808	13048	240	12808	1	0.9909255898366606	CGCTAGGAATGGTTGTATACCTCTTAGTGT	13018	2	0.9927404718693285	AACATGGCCACTTGTTTTAGAATGCACTAG GACTTGGCCACTTGTTCTAGAATGCACTAG	1	0.9872958257713249	TTCCACTGTGTGCTTCAAATAAACTACG	{12840}
3.7758897580044537	14372	14612	240	14372	2	0.9909255898366606	GTATTCGCCAGGCTGTTTTAAACACTGTTA GTGTACGCCAAGCTATCTTAAACACTGTTA	14582	1	0.9909255898366606	TGGCCGCTGAGACACATAGGGATTGTGATT	1	0.9909255898366606	GTCAAGGCTGGTTTAGTCGGTGTGCTCA	{14419}
3.777665756109888	13649	13890	241	13649	2	0.9945553539019963	GAACATCCTGATGTCTCTGGTGTTTGTAAA GAACATCCTGATGTTTCTGGCGTTTGTAAA	13860	1	1.0	TTCTATTGTAAATGCCCGAATAGAACCCTG	1	0.9872958257713249	GGGTAAGTTTGTCCAAATCCCTGCTCAG	{13684}
3.77943196905215	12203	12445	242	12203	2	0.9909255898366606	CCTTGTATAAAGGTTGCTAGTGTTCAATCC CCTTGTATAAAGGTTGCTGCTATGCAGTCT	12415	1	0.9909255898366606	TTCTGGTAATGTAGATCTTGATGCGTTAGC	1	0.9872958257713249	CCAACAGTTACACTTAGAGGCTAATGGT	{12280}
3.77943196905215	24923	25165	242	24923	1	0.9909255898366606	ACTCAACAGGTTCTTTCAGAGAACCAAAAG	25135	2	0.9909255898366606	ACGTCTTGATGTTCTCGAACAGGACGCCCA ACGTCTTGATGTTCTCGAACAGGAGGTTCA	1	0.9872958257713249	GCCAATAAGTTTAATCAGGCTCTGGGAG	{24959}
3.7829354666358683	8035	8279	244	8035	2	0.9909255898366606	AGGCCTATTAACGCTACGGATAGATCACAT AGGCTTGTTAAACCCACAGATAGATCACAT	8249	1	0.9909255898366606	CAGATCGTGGCCAGGAAAGTTTAGCTAGGT	1	0.9800362976406534	TCTGTTACAGTTAAAGAGACTGTTGTTC	{8077}
3.784672960526724	8353	8598	245	8353	2	0.9909255898366606	GGCAACACTAGTGAAATTGCCATCAAGATG GGTGATTCTAGTGAAATCGCCACTAAAATG	8568	1	0.9909255898366606	TGTTGACTCTGTGCAGTATGCTCATAAACA	1	0.9872958257713249	GTCTTGCTGTATAATGTCACACGCGATA	{8407}
3.784672960526724	9257	9502	245	9257	1	0.9909255898366606	CTACATTGGCTTGGGTGAACAATCAGATAA	9472	2	0.9909255898366606	CCGTACAGTGCAATGAAGCCCCATGTTAGG GCGTACAGTCAGATGAGGCCTCATGTTCGT	1	0.9909255898366606	TTGTTTCTCGAGTCTTTGCTAATACAGG	{9293}
3.7864010878282044	8462	8708	246	8462	2	0.9909255898366606	AAGATGGTCTTAAGAGAGGCGAAAACTTAC GTGATGGCGTAAGGCGAGGCGATAACTTCC	8678	1	0.9909255898366606	TAGGTAGTCTCATTGATTGTAATGCGGCTT	1	0.9872958257713249	GACGCAGCACGAGGTCCCGCAGGTGTGG	{8515}
3.7864010878282044	13121	13367	246	13121	2	0.9909255898366606	GCAGGTCAAGAGCAAACTAACTGTAATACT GCAGGTCAAGAGCAGACTAATTGTAATACT	13337	1	0.9909255898366606	GTTAAAAATCTTAACAACCTTCATCGCGGG	1	0.9872958257713249	GTGCAGGGTCGTAAAATGCTGATGGCTC	{13175}
3.7881199489870325	6185	6432	247	6185	2	0.9909255898366606	ATTCACCAGCTACAATTCTAACTGGTAGTG ATTCACCAGCTACAATTTTAGCTGGTAGTG	6402	1	0.9909255898366606	TAAGAATGGTGCCATGTATAAAGGCAAACC	1	0.9872958257713249	CCAGTCATTAAGAAATACACTTACTCCT	{6313}
3.7881199489870325	7200	7447	247	7200	2	0.9909255898366606	AGACTGGAAAGCCTCTTTACGCTTGCTACT GGATTGGAAATCAACCCTACGGTTGTTACT	7417	1	0.9909255898366606	TTTGATGTACCTACATTCTGCGCAAACCGT	1	0.9927404718693285	TATCACTTGTATGTCTTCAATCAGGTCT	{7267}
3.7898296428427707	9624	9872	248	9624	1	0.9909255898366606	AGAGGGTGTTTGTATTACCACAAATGGCTC	9842	2	0.9909255898366606	AAGTAAAACGTGCATTTGCGGACTATACTC AAGTAAAACGTGCTTTTGCAGATTACACCC	1	0.9872958257713249	CTCTGATTTTATTGACATTGTCAGGCGG	{9705}
3.7898296428427707	13407	13655	248	13407	2	0.9909255898366606	CCGGTTCTAATACCGAGTTTGCTTCTAATT CTGGTTCTAACACCGAGTTTGCCTCTAATT	13625	1	0.9909255898366606	TGTCTCTATTGCCGTGCGCATATAGAACAT	1	0.9872958257713249	ATCTCGATTTCGTCAATGCGGGAGGTGC	{13485}
3.7898296428427707	14028	14276	248	14028	1	0.9909255898366606	AGACTCCTATTTTGTCGTTAAGAGGCATAC	14246	2	0.9909255898366606	GCGAAGTGCTTAAGGCTATCTTAGTGAAGT GTGAAGTTCTCAAGGCCATCCTAGTTAAGT	1	0.9891107078039928	TTACGTGTCTGTGATGCTGTAGCTCCCC	{14098}
3.7898296428427707	21018	21266	248	21018	2	0.9909255898366606	TCCAAGCTTCTAATGATTGGAAGCCAGGCT TCCAGGCTTCTGCAGATTGGAAACCTGGTC	21236	1	0.9927404718693285	GCTGGTTCTGATAAAGGTATCGCTCCTGGT	1	0.985480943738657	ATGCAATGCCATCCCTCTTTAAAGTTCA	{21048}
3.789983757168364	17977	18170	193	17977	2	0.9927404718693285	CACTGTGAGCGCTCTTGTCTACAATAATAA CACTGTTAGCGCTCTTGTCTACAACAACAA	18140	1	0.9945553539019963	GCATGGAGTAAGGCAGTCTTTATTTCGCCT	2	0.9891107078039928	AAGGTGCTTTCAGGCCAGTGCTTTAAAA ATTGTTAGCCAAGAAGGAGCTTTCATGC	{18020} {18007}
3.791530266661922	6076	6325	249	6076	2	0.9909255898366606	GTCGTACGGTATTCTTTGGACGGTAATTTC GTCGTGCGGTATTCTCTTGATGGTATTTTT	6295	1	0.9909255898366606	GGGTTTGATTCTAGTAAACCAGTCACTAAG	1	0.985480943738657	TAACATATTCAACAGCTACAATTTTAGC	{6179}
3.791530266661922	26376	26625	249	26376	1	0.9927404718693285	CTCTATGGATTACGTGTCTCTGCTTAATCA	26595	2	0.9909255898366606	GCGAATCGCCTGGCTGCTCCATAGAGATGG GCGAATCGCTTGGTTGCTACATAAGGATGG	1	0.9872958257713249	ATTTGGCAGAAGTACCTTAATTCACCGT	{26407}
3.8460942636811994	29854	29942	88	29854	3	0.9909255898366606	CTCGAGTCTGGCAAGCAGAAAACTGCAGCA CTTGAGTCTGGCAAAGTAAAGCAATCGCAG TTGGAGTCTGGCAAAACAAAGCAGTCACAG	29912	1	0.9927404718693285	CTGCTGCTAAAAATAAGATGCGCCACAAGC	1	0.9818511796733213	CCAAAAGTAATCACTAAGAAACATGCTG	{29884}
