cost	target-start	target-end	target-length	left-primer-start	left-primer-num-primers	left-primer-frac-bound	left-primer-target-sequences	right-primer-start	right-primer-num-primers	right-primer-frac-bound	right-primer-target-sequences	num-guides	total-frac-bound-by-guides	guide-target-sequences	guide-target-sequence-positions
2.5126942636811997	30886	30974	88	30886	1	0.9909638554216867	AAATTCCATGAGTGGAGCTTCTGCTGATTC	30944	1	0.9939759036144579	ACACAAGGCAGATGGGCTATGTAAACGTTT	1	0.9879518072289156	TACTCAGGCATAAACACTCATGATGACC	{30916}
2.7232360029807228	30897	31011	114	30897	1	0.9909638554216867	GTGGAGCTTCTGCTGATTCAACTCAGGCAT	30981	1	0.9939759036144579	TCCGTTTACGATACATAGTCTACTCTTGTG	1	0.9849397590361446	AAACACTCATGATGACCACACAAGGTAG	{30927}
2.7875643733214486	27472	27598	126	27472	1	0.9909638554216867	ACAAATTAGGAGCGTCGCAGCGTGTAGGCA	27568	1	0.9909638554216867	CCGGTAGCAACGACAATATTGCTTTGCTAG	1	0.9909638554216867	GCTGCATACAACCGCTACCGTATTGGAA	{27516}
2.8516681611474057	30577	30694	117	30577	1	0.9939759036144579	ACAATTTGCTCCAAGTGCCTCTGCATTCTT	30664	1	0.9939759036144579	TGGAGCCATTAAATTGGATGACAAAGATCC	2	0.9879518072289156	ACACCTTTGGGAACATGGCTGACTTATC CACCTTCGGGAACTTGGCTGACTTATCA	{30635} {30636}
2.9424539643783345	30743	30910	167	30743	1	0.9939759036144579	AAAACATTCCCACCAACAGAGCCTAAAAAG	30880	1	0.9909638554216867	ACTTCAAAATTCCATGAGTGGAGCTTCTGC	1	0.9879518072289156	GCGGCTGACATGGATGATTTCTCCAGAC	{30851}
2.997385737400775	30154	30341	187	30154	1	0.9969879518072289	AACAACATTGCCAAAAGGCTTCTACGCAGA	30311	1	0.9909638554216867	ACTGCCCTCGCGCTATTGCTGCTAGACAGA	1	0.9819277108433735	TGCTCGAATGGCTAGCGGAGGTGGTGAA	{30283}
3.0851590937877345	30743	30970	227	30743	1	0.9939759036144579	AAAACATTCCCACCAACAGAGCCTAAAAAG	30940	1	0.9939759036144579	GACCACACAAGGCAGATGGGCTATGTAAAC	1	0.9879518072289156	GCGGCTGACATGGATGATTTCTCCAGAC	{30851}
3.1265219161711366	30388	30638	250	30388	1	0.9909638554216867	AGGCCAAACTGTCACTAAGAAATCTGCTGC	30608	1	0.9939759036144579	GGAATGTCACGCATTGGCATGGAAGTCACA	1	0.9939759036144579	ACAATTTGCTCCAAGTGCGTCTGCATTC	{30577}
3.1793942636811994	30253	30341	88	30253	2	0.9909638554216867	AACGCCTAGCAGTAGCAGAGGTTCATCACC AACTCCTGGCAGCAGTAGGGGAAATTCTCC	30311	1	0.9909638554216867	ACTGCCCTCGCGCTATTGCTGCTAGACAGA	1	0.9819277108433735	TGCTCGAATGGCTAGCGGAGGTGGTGAA	{30283}
3.1906433771173464	30666	30755	89	30666	2	0.9909638554216867	GAGCCATTAAATTGGATGACAAAGATCCAC GAGCCATTAAATTGGATGATAAAGATCCCC	30725	1	0.9939759036144579	AAGCACATTGACGCATACAAAACATTCCCA	1	0.9909638554216867	AATTCAAAGACAACGTCATACTGCTGAA	{30696}
3.2015110903442126	27446	27536	90	27446	2	0.9969879518072289	GGCTACATCACGAACGCTTTCTTATTACAA GGCTACATCCCGGATGCTTTCTTATTACAA	27506	1	0.9909638554216867	TTCAGGTTTTGCTGCATACAACCGCTACCG	1	0.9879518072289156	TAGGAGCGTCGCAGCGTGTAGGCACTGA	{27478}
3.241634243325825	30557	30651	94	30557	2	0.9939759036144579	AAACACTGGCCGCAAATAGCACAGTTTGCT AAACATTGGCCGCAAATTGCACAATTTGCT	30621	1	0.9939759036144579	TTGGCATGGAAGTCACACCTTCGGGAACAT	1	0.9939759036144579	CCAAGTGCGTCTGCATTCTTCGGAATGT	{30587}
3.362026686365171	29805	29900	95	29805	1	0.9909638554216867	ATACTGCGTCTTGGTTCACAGCTCTCACTC	29870	2	0.9909638554216867	CAGGGAGTTCCTATCAACACCAATAGTGGC CAGGGCGTTCCAATCAACACCAATAGTGGT	2	0.9909638554216867	AGCATGGCAAGGAGGAACTTAGATTCCC AGCATGGTAAGGAAGGACTCAAATTCCC	{29835} {29835}
3.434222420167963	30787	30909	122	30787	2	0.9939759036144579	GACTGATGAAGCTCAGCCTTTGCCGCAGAG GGCTGATGAACTTCAGGCTTTACCGCAGAG	30879	1	0.9909638554216867	AACTTCAAAATTCCATGAGTGGAGCTTCTG	1	0.9879518072289156	GCGGCTGACATGGATGATTTCTCCAGAC	{30851}
3.469888527362399	1500	1609	109	1500	1	0.9909638554216867	CATTGAAACTCGACTCCGCAAGGGAGGTAG	1579	2	0.9909638554216867	AAGCGAGCCTACTGGGTCCCTCGTGCTAGT AAGCGTGCCTACTGGGTTCCTCGTGCTAGT	2	0.9819277108433735	CTAGATGTTTTGGAGGCTGTGTGTTTGC GACTAAGTGTTTTGGAGGCTGTGTATTT	{1532} {1530}
3.535366666009797	30665	30810	145	30665	1	0.9909638554216867	GGAGCCATTAAATTGGATGACAAAGATCCA	30780	2	0.9909638554216867	AGAAAAAGACTGATGAAGCTCAGCCTTTGC AGAAGAAGGCTGATGAAGTACAGCCTCTGC	1	0.9909638554216867	CAATTCAAAGACAACGTCATACTGCTGA	{30695}
3.5710219161711367	30487	30642	155	30487	2	0.9909638554216867	GAGACGTGGTCCAGAACAAACCCAAGGAAA GCGACGTGGTCCAGATCAAACTCAAGGAAA	30612	1	0.9939759036144579	TGTCACGCATTGGCATGGAAGTCACACCTT	1	0.9939759036144579	ACAATTTGCTCCAAGTGCGTCTGCATTC	{30577}
3.5796141342961088	12890	13019	129	12890	1	0.9909638554216867	ACTGAGTCCAGTAGCACTACGACAGATGTC	12989	2	0.9909638554216867	GGGAGGTAGATTTGTGCTAGCATTATTATC GGGAGGTAGGTTTGTGCTGGCATTACTATC	2	0.9909638554216867	CGGCTGGTACAACACAAACAGCTTGTAC TGCAGCTGGTACTACGCAAACAGCTTGT	{12925} {12923}
3.58877380995394	29825	29956	131	29825	2	0.9909638554216867	GCTCTCACTCAGCATGGCAAGGAGGAACTT GCTCTCACTCAGCATGGTAAGGAAGGACTC	29926	1	0.9939759036144579	AAGAGCTACCCGACGAGTTCGTGGTGGTGA	2	0.9819277108433735	AGATTCCCTCAAGGCCAGGGTGTTCCAA CCAATAGTGGTAAAGATGACCAAATTGG	{29855} {29889}
3.596940417140111	29962	30125	163	29962	1	0.9939759036144579	AATGAAAGAGCTCAGCCCCAGATGGTACTT	30095	2	0.9909638554216867	CACATTGGCACCCGCAATCCTAATAACAAT CACATTGGCACGCGTAATCCCAACAACAAC	1	0.9879518072289156	ATTACCTAGGAACTGGCCCAGAAGCTTC	{29994}
3.60003770537095	30388	30500	112	30388	1	0.9909638554216867	AGGCCAAACTGTCACTAAGAAATCTGCTGC	30470	2	0.9909638554216867	GTCACCCAAGCTTTTGGGCGACGTGGTCCA GTCACTCAAGCATTTGGGAGACGTGGTCCA	3	0.9849397590361446	CAAAAAGCCTCGCCAAAAGCGTACGGCA CCAAAAACGTACTGCCACAAAACAGTAC TCGACAAAAACGTACTGCAACCAAACAG	{30427} {30439} {30436}
3.6426729313414405	1386	1530	144	1386	2	0.9909638554216867	TACATGTGGGTACCTACCTACTAATGCTGT TACGTGTGGATACCTACCTGCTAATGCTGT	1500	1	0.9909638554216867	CATTGAAACTCGACTCCGCAAGGGAGGTAG	2	0.9909638554216867	AGCATAGTGTTGCTGACTACCACAACCA CCTGAGCATAGTGTTGCAGATTATCACA	{1466} {1462}
3.653826723086379	30787	30970	183	30787	2	0.9939759036144579	GACTGATGAAGCTCAGCCTTTGCCGCAGAG GGCTGATGAACTTCAGGCTTTACCGCAGAG	30940	1	0.9939759036144579	GACCACACAAGGCAGATGGGCTATGTAAAC	1	0.9879518072289156	GCGGCTGACATGGATGATTTCTCCAGAC	{30851}
3.6589972680519156	27351	27536	185	27351	2	0.9939759036144579	GTAATTGGAGCTGTGATCCTTCGTGGACAT GTCATTGGTGCTGTGATCATTCGTGGTCAC	27506	1	0.9909638554216867	TTCAGGTTTTGCTGCATACAACCGCTACCG	1	0.9879518072289156	TAGGAGCGTCGCAGCGTGTAGGCACTGA	{27478}
3.6589972680519156	30487	30672	185	30487	2	0.9909638554216867	GAGACGTGGTCCAGAACAAACCCAAGGAAA GCGACGTGGTCCAGATCAAACTCAAGGAAA	30642	1	0.9939759036144579	CGGGAACATGGCTGACTTATCATGGAGCCA	1	0.9939759036144579	ACAATTTGCTCCAAGTGCGTCTGCATTC	{30577}
3.6666	30154	30278	124	30154	1	0.9969879518072289	AACAACATTGCCAAAAGGCTTCTACGCAGA	30248	2	0.9909638554216867	AATTCAACGCCTAGCAGTAGCAGAGGTTCA AATTCAACTCCTGGCAGCAGTAGGGGAAAT	3	0.9879518072289156	CTCATCACGTAGTCGCGGTAATTCAACA CTCATCACGTAGTCGTGGAAATTCAAGA CTTCTCGCTCTTCATCACGTAGTCGTGG	{30220} {30220} {30210}
3.671570128054922	12989	13114	125	12989	2	0.9909638554216867	GGGAGGTAGATTTGTGCTAGCATTATTATC GGGAGGTAGGTTTGTGCTGGCATTACTATC	13084	1	0.9939759036144579	AACTGGAACCACCTTGTAGGTTTGTTACAG	3	0.9849397590361446	AGACCATCAAGATCTCAAATGGTCTAGA CACCAGGACCTCAAGTGGGCTAGATTCC CTAAGAGTGATGGTACAGGTACAGTTTA	{13019} {13023} {13051}
3.6715701280549227	348	538	190	348	1	0.9939759036144579	GAAAACACACGTCCAACTCAGTTTGCCTGT	508	2	0.9909638554216867	CTTGAACAGCCCTATGTGTTCATTAAACGT CTTGAAGAGCCCTATGTGTTCATTAAACGA	1	0.9909638554216867	CAGGTTAGAGACGTGCTAGTGCGTGGCT	{382}
3.693028706359163	27472	27671	199	27472	1	0.9909638554216867	ACAAATTAGGAGCGTCGCAGCGTGTAGGCA	27641	2	0.9969879518072289	GATGTTTCATCTCGTTGACTTTCAGGTTAC GATGTTTCATCTTGTTGACTTCCAGGTTAC	1	0.9909638554216867	GCTGCATACAACCGCTACCGTATTGGAA	{27516}
3.7017545914674486	29825	29986	161	29825	2	0.9909638554216867	GCTCTCACTCAGCATGGCAAGGAGGAACTT GCTCTCACTCAGCATGGTAAGGAAGGACTC	29956	1	0.9969879518072289	CGGCAAAATGAAAGAGCTCAGCCCCAGATG	2	0.9819277108433735	AGATTCCCTCAAGGCCAGGGTGTTCCAA CCAATAGTGGTAAAGATGACCAAATTGG	{29855} {29889}
3.704912910986066	29703	29865	162	29703	1	0.9939759036144579	GCATTACATTTGGTGGACCCACAGATTCAA	29835	2	0.9909638554216867	AGCATGGCAAGGAGGAACTTAGATTCCCTC AGCATGGTAAGGAAGGACTCAAATTCCCTC	2	0.9879518072289156	GACGCAATGGGGCAAGGCCAAAACAGCG TAACCAGGATGGAGGACGCAGTGGTGTA	{29754} {29740}
3.7111377053709504	18237	18401	164	18237	2	0.9969879518072289	GGCTACATTACAAGCAGAAAATGTAACTGG GGCTACTTTACAAGCAGAAAATGTGACTGG	18371	1	0.9909638554216867	GACATACCAGGCATACCAAAGGACATGACC	2	0.9909638554216867	AGTAAGATCATTACCGGTCTTCATCCAA GTAGTAAGATCATTACTGGTCTTCACCC	{18284} {18282}
3.7172439250039426	12890	13056	166	12890	1	0.9909638554216867	ACTGAGTCCAGTAGCACTACGACAGATGTC	13026	2	0.9939759036144579	CAAGATCTCAAATGGGCTAGATTCCCTAAG CAGGACCTCAAGTGGGCTAGATTCCCTAAG	2	0.9909638554216867	CGGCTGGTACAACACAAACAGCTTGTAC TGCAGCTGGTACTACGCAAACAGCTTGT	{12925} {12923}
3.74336788931984	14714	14889	175	14714	1	0.9909638554216867	TAATCAGGATGTAAACTTACATAGCTCGCG	14859	2	0.9909638554216867	AATGTCTCTTTTCAAACTGTCAAACCCGGT AATGTTGCTTTTCAAACTGTCAAACCCGGT	2	0.9879518072289156	CATGCATGCTGCCTCTGGCAATTTGTTG TATGCATGCAGCTTCTGGCAATTTATTG	{14786} {14786}
3.746048055426138	30787	31011	224	30787	2	0.9939759036144579	GACTGATGAAGCTCAGCCTTTGCCGCAGAG GGCTGATGAACTTCAGGCTTTACCGCAGAG	30981	1	0.9939759036144579	TCCGTTTACGATACATAGTCTACTCTTGTG	1	0.9879518072289156	GCGGCTGACATGGATGATTTCTCCAGAC	{30851}
3.76317439218088	305	538	233	305	1	0.9909638554216867	GACCGAAAGGTAAGATGGAGAGCCTTGTTC	508	2	0.9909638554216867	CTTGAACAGCCCTATGTGTTCATTAAACGT CTTGAAGAGCCCTATGTGTTCATTAAACGA	1	0.9909638554216867	CAGGTTAGAGACGTGCTAGTGCGTGGCT	{382}
3.7668591090491432	30577	30812	235	30577	1	0.9939759036144579	ACAATTTGCTCCAAGTGCCTCTGCATTCTT	30782	2	0.9909638554216867	AAAAAGACTGATGAAGCTCAGCCTTTGCCG AAGAAGGCTGATGAAGTACAGCCTCTGCCG	1	0.9939759036144579	CTTCGGGAACATGGCTGACTTATCATGG	{30639}
3.7723079683607335	30157	30395	238	30157	2	0.9939759036144579	AACATTGCCAAAAGGCTTCTACGCAGAGGG AACATTGCCCAAAGGCTTCTACGCAGAAGG	30365	1	0.9909638554216867	TCTGGTAAAGGCCAACAACAACAAGGCCAA	1	0.9819277108433735	TGCTCGAATGGCTAGCGGAGGTGGTGAA	{30283}
3.7741038657081174	30666	30905	239	30666	2	0.9909638554216867	GAGCCATTAAATTGGATGACAAAGATCCAC GAGCCATTAAATTGGATGATAAAGATCCCC	30875	1	0.9909638554216867	AGACAACTTCAAAATTCCATGAGTGGAGCT	1	0.9909638554216867	AATTCAAAGACAACGTCATACTGCTGAA	{30696}
3.7881199489870325	27351	27598	247	27351	2	0.9939759036144579	GTAATTGGAGCTGTGATCCTTCGTGGACAT GTCATTGGTGCTGTGATCATTCGTGGTCAC	27568	1	0.9909638554216867	CCGGTAGCAACGACAATATTGCTTTGCTAG	1	0.9879518072289156	TAGGAGCGTCGCAGCGTGTAGGCACTGA	{27478}
3.7994827288338286	29703	29900	197	29703	1	0.9939759036144579	GCATTACATTTGGTGGACCCACAGATTCAA	29870	2	0.9909638554216867	CAGGGAGTTCCTATCAACACCAATAGTGGC CAGGGCGTTCCAATCAACACCAATAGTGGT	2	0.9909638554216867	ACTCAGCATGGCAAGGAGGAACTTAGAT TAACCAGGATGGAGGACGCAGTGGTGTA	{29831} {29740}
3.808708310503012	1162	1363	201	1162	1	0.9909638554216867	GTCAAAGTCATTCAACCACGTGTTGAAAAG	1333	2	0.9909638554216867	AAAGCCACTTGTGAACATTGTGGCACTGAA AGAGCCACTTGCGAATTCTGTGGTACTGAA	2	0.9909638554216867	AAAAAGACTGAAGGTTTCATGGGGCGTA CACTTGTCTACCTTGATGAAATGTAATC	{1192} {1267}
3.877959109049143	26776	27011	235	26776	1	1.0	CGTACTGCTGCAATATTGTTAACGTGAGTT	26981	2	0.9909638554216867	ACTCCTGGAACAATGGAACCTAGTAATAGG GCTCTTAGAACAATGGAACCTAGTAATAGG	2	0.9879518072289156	CCAACAGTTTACGTTTACTCGCGTGTTA TAAAAATCTGAACTCTTCTGAAGGAGTT	{26814} {26840}
3.8869897580044537	516	756	240	516	2	0.9909638554216867	GCCCTATGTGTTCATTAAACGATCTGAAGC GCCCTATGTGTTCATTAAACGTTCTGATGC	726	1	0.9909638554216867	TGGCATCGATCTAAAGTCTTATGACTTAGG	2	0.9849397590361446	CCAGGGCACTGGTCATGGCCACAAGGTC CCCCAATCGCATACCGTAATGTTCTTCT	{546} {659}
3.8912946961550468	30311	30500	189	30311	1	0.9909638554216867	ACTGCCCTCGCGCTATTGCTGCTAGACAGA	30470	2	0.9909638554216867	GTCACCCAAGCTTTTGGGCGACGTGGTCCA GTCACTCAAGCATTTGGGAGACGTGGTCCA	3	0.9849397590361446	CAAAAAGCCTCGCCAAAAGCGTACGGCA CCAAAAACGTACTGCCACAAAACAGTAC GTCACTAAGAAATCTGCTTCAGAGGCAT	{30427} {30439} {30398}
3.8992199489870325	26981	27228	247	26981	2	0.9909638554216867	ACTCCTGGAACAATGGAACCTAGTAATAGG GCTCTTAGAACAATGGAACCTAGTAATAGG	27198	1	0.9909638554216867	GTAGGCTTGATGTGGCTTAGCTACTTCGTT	2	0.9849397590361446	GATTATGTTACTACAATTTGCCTATTCT TTTCATTTTCCTTGCCTGGATTATGCTA	{27029} {27011}
3.9034850181197167	1336	1530	194	1336	2	0.9909638554216867	GCCACTTGTGAACAATGTGGCACTGAAAAC GCCACTTGTGAACATTGTGGCACTGAAAAT	1500	1	0.9909638554216867	CATTGAAACTCGACTCCGCAAGGGAGGTAG	3	0.9909638554216867	AATTGCTGAAGGACCTACTACATGTGGG CCCAATACATGTGGGTACCTACCTACTA TAGTTTGTGAAGGACCCACTACATGTGG	{1368} {1381} {1367}
3.9684433771173464	296	385	89	296	1	0.9939759036144579	TCCGGGTGTGACCGAAAGGTAAGATGGAGA	355	3	0.9909638554216867	CACGTCCAACTCAGTTTACCTGTTCTTCAG CACGTCCAACTCAGTTTGCCTGTCCTTCAG CACGTCCAACTCAGTTTGCCTGTTCTCCAG	2	0.9879518072289156	CCTTGTTCTTGGAATCAACGAGAAAACA GCCTTGTTCTTGGTGTCAATGAGAAAAC	{327} {326}
4.0383129109860665	29965	30076	111	29965	2	0.9969879518072289	GAAAGAGCTCAGCCCCAGATGGTACTTCTA GAAAGAGCTCAGCCCCAGATGGTATTTCTA	30046	2	0.9939759036144579	AGGCATCGTATGGGTCGCAACTGAGGGAGC AGGCATCGTATGGGTTGCAACTGAGGGAGC	1	0.9879518072289156	TTACCTAGGAACTGGCCCAGAAGCTTCA	{29995}
4.079543377117346	26449	26538	89	26449	3	0.9909638554216867	ACCATGTACAAATACACACAATCGACGGCT ATCATGTGCAAATACACACAATCGACGGCT CGAATGTGCAAATACACACAATCGACGGCT	26508	1	0.9969879518072289	CCAATTTATGATGAGCCGACGACGACTACT	3	0.9819277108433735	CTTCAGGAGTTGTAAATCCAGCGATGGA TTCAGGAGTTGCAAATCCAGCAATGGAT TTCTGGAGTTATAAATCCAGCAATGGAT	{26479} {26480} {26480}
4.148857335320482	13308	13440	132	13308	2	0.9939759036144579	TTACCTAGCAAGTGGAGGACAACCAATCAC TTACTTAGCAAGTGGTGGACAACCAATCAC	13410	2	0.9909638554216867	TGGACCAAGAGTCCTTTGGTGGTGCTTCAT TGGACCAGGAGTCCTTTGGTGGTGCTTCGT	1	0.9849397590361446	CACCGGTACAGGACAGGCAATCACGGTA	{13366}
4.155637705370951	29710	29822	112	29710	3	0.9909638554216867	ATTTGGTGGACCCACAGATTCAACTGACAA ATTTGGTGGACCCGCAGATTCAAATGACAA ATTTGGTGGACCTTCAGATTCAACTGACAA	29792	1	0.9909638554216867	GGTTTACCCAATAATACTGCGTCTTGGTTC	2	0.9879518072289156	GACGCAATGGGGCAAGGCCAAAACAGCG TAACCAGGATGGAGGACGCAGTGGTGTA	{29754} {29740}
4.227435466635868	30787	30939	152	30787	2	0.9939759036144579	GACTGATGAAGCTCAGCCTTTGCCGCAGAG GGCTGATGAACTTCAGGCTTTACCGCAGAG	30909	2	0.9909638554216867	CTGATTCAACTCAGGCATAAACACTCATGA CTGATTCAACTCAGGCATAAACATTCACGA	1	0.9879518072289156	GCGGCTGACATGGATGATTTCTCCAGAC	{30851}
4.269805354025412	30021	30186	165	30021	2	0.9909638554216867	CACTTCCCTACGGCGCTAACAAAGAAGGCA CACTTCCCTATGGTGCTAATAAAGAAGGCA	30156	2	0.9939759036144579	CAACATTGCCAAAAGGCTTCTACGCAGAGG CAACATTGCCCAAAGGCTTCTACGCAGAAG	1	0.9819277108433735	ATTACAATGCTGCCACCGTGCTACAACT	{30117}
4.293343765448655	13308	13481	173	13308	2	0.9939759036144579	TTACCTAGCAAGTGGAGGACAACCAATCAC TTACTTAGCAAGTGGTGGACAACCAATCAC	13451	2	0.9909638554216867	TGCAGGTGCCACATAGATCATCCAAATCCT TGTAGATGCCACATTGACCATCCAAATCCT	1	0.9819277108433735	ACACCGGTACAGGACAGGCAATCACGGT	{13365}
4.342001087828204	12621	12774	153	12621	1	0.9939759036144579	GATGGTTGTGTTCCACTCAACATCATACCA	12744	3	0.9909638554216867	CTATGGGAGATCCAGCAAGTTGTTGACGCA CTCTGGGAAATCCAGCAAGTTGTTGATGCG CTCTGGGAAATTCAGCAAGTTGTTGATGCA	2	0.9939759036144579	ACTCATGGTTGTTGTCCCTGATTATGGT TCCCTGACTATGGAACCTACAAGAACAC	{12668} {12682}
4.342001087828204	12693	12846	153	12693	2	0.9939759036144579	GGAACCTACAAGAATACTTGTGATGGTAAC GGTACCTACAAGAACACTTGTGATGGTAAC	12816	2	0.9909638554216867	TCACCAAATCTAGCTTGGCCTCTTATTGTT TCACCAAATTTGGCTTGGCCTCTTATTGTT	2	0.9909638554216867	CTTTACATATGCATCTGCACTCTGGGAA CTTTCACATATGCGTCAGCACTCTGGGA	{12725} {12724}
4.347985018119718	27362	27489	127	27362	3	0.9939759036144579	TGTGATCATTCGTGGTCACTTGCGAATGGC TGTGATCATTCGTGGTCATTTGCGTATGGC TGTGATCCTTCGTGGACATCTTCGTATTGC	27459	1	0.9909638554216867	ACGCTTTCTTATTACAAATTAGGAGCGTCG	3	0.9849397590361446	GACATTAAGGACCTGCCAAAAGAGATCT GCCAAAAGAGGTCACTGTGGCTACATCA TGACATAAAGGACCTGCCAAAAGAGATT	{27414} {27428} {27413}
4.3862735330780325	28426	28637	211	28426	2	0.9909638554216867	ATATCACTATCAGGAGTGTGTTAGAGGTAC ATATCATTATCAGGAGTGTGTTAGGGGTAC	28607	2	0.9909638554216867	CGTGCAAGATCAGTTTCACCAAAACTTTTC CGTGCGAGATCAGTTTCACCCAAACTGTTT	1	0.9879518072289156	GCACTAGCACACACTTTGCTTTTGCTTG	{28548}
4.386953964378335	12748	12915	167	12748	3	0.9909638554216867	GGGAAATCCAGCAAGTTGTTGATGCGGATA GGGAAATTCAGCAAGTTGTTGATGCAGATA GGGAGATCCAGCAAGTTGTTGACGCAGATA	12885	1	0.9909638554216867	AATGAACTGAGTCCAGTAGCACTACGACAG	2	0.9969879518072289	ACCAAATTTGGCTTGGCCTCTTATTGTT GTTACTGCACTAAGAGCCAACTCAGCTG	{12818} {12843}
4.395818128345179	26981	27151	170	26981	2	0.9909638554216867	ACTCCTGGAACAATGGAACCTAGTAATAGG GCTCTTAGAACAATGGAACCTAGTAATAGG	27121	2	0.9939759036144579	TTGCTTGCTTTGTGCTTGCTGCTGTTTACA TTGCTTGTTTTGTGCTTGCTGCTGTCTACA	2	0.9849397590361446	GATTATGTTACTACAATTTGCCTATTCT TTTCATTTTCCTTGCCTGGATTATGCTA	{27029} {27011}
4.402822592664184	30421	30640	219	30421	3	0.9909638554216867	GGCATCCAAAAAGCCTCGCCAAAAACGTAC GGCATCGAAGAAGCCTCGCCAAAAACGTAC GGCATCTAAAAAGCCTCGCCAAAAACGTAC	30610	1	0.9939759036144579	AATGTCACGCATTGGCATGGAAGTCACACC	1	0.9939759036144579	ACAATTTGCTCCAAGTGCGTCTGCATTC	{30577}
4.431626723086379	18373	18556	183	18373	1	0.9909638554216867	CATACCAGGCATACCAAAGGACATGACCTA	18526	3	0.9909638554216867	GGGCTGTCATGCAACTAGAGATGCTGTGGG GGGTTGTCATGCAACAAGGGATGCTGTGGG GGGTTGTCATGCTACTAGAGATGCTGTAGG	2	0.9879518072289156	CGAAGAAGCTATTCGTCACGTTCGTGCG CGCGAAGAGGCCATTCGTCACGTTCGTG	{18478} {18476}
4.439007968360734	1292	1530	238	1292	3	0.9909638554216867	ACCATTGTGGTGAAACTTCATGGCAGACGG ATCATTGCGATGAAGTTTCATGGCAGACGT ATCATTGTGATGAAGCTTCTTGGCAGACGT	1500	1	0.9909638554216867	CATTGAAACTCGACTCCGCAAGGGAGGTAG	1	0.9819277108433735	GCGACTTTCTGAAAGCCACTTGTGAACA	{1322}
4.441885737400775	12659	12846	187	12659	2	0.9939759036144579	AGCAGCCAAACTCATGGTTGTTGTCCCTGA AGCAGCTAAACTCATGGTTGTTGTACCTGA	12816	2	0.9909638554216867	TCACCAAATCTAGCTTGGCCTCTTATTGTT TCACCAAATTTGGCTTGGCCTCTTATTGTT	2	0.9909638554216867	CTTTACATATGCATCTGCACTCTGGGAA GTAACACTTTCACATATGCGTCAGCACT	{12725} {12718}
4.446131969052151	1162	1404	242	1162	1	0.9909638554216867	GTCAAAGTCATTCAACCACGTGTTGAAAAG	1374	3	0.9939759036144579	AGAAGGTGCCACAACTTGTGGTTACTTACC TGAAGGACCCACTACATGTGGATACCTACC TGAAGGACCTACTACATGTGGGTACCTACC	1	0.9789156626506024	GTGCGACTTTCTGAAAGCCACTTGTGAA	{1320}
4.449635466635868	30487	30731	244	30487	2	0.9909638554216867	GAGACGTGGTCCAGAACAAACCCAAGGAAA GCGACGTGGTCCAGATCAAACTCAAGGAAA	30701	2	0.9909638554216867	AAAGACAACGTCATACTGCTGAACAAGCAC AAAGACAACGTCATACTGCTGAATAAGCAC	1	0.9939759036144579	ACAATTTGCTCCAAGTGCGTCTGCATTC	{30577}
4.458230266661923	30421	30670	249	30421	3	0.9909638554216867	GGCATCCAAAAAGCCTCGCCAAAAACGTAC GGCATCGAAGAAGCCTCGCCAAAAACGTAC GGCATCTAAAAAGCCTCGCCAAAAACGTAC	30640	1	0.9939759036144579	TTCGGGAACATGGCTGACTTATCATGGAGC	1	0.9939759036144579	ACAATTTGCTCCAAGTGCGTCTGCATTC	{30577}
4.475408310503012	12818	13019	201	12818	2	0.9909638554216867	ACCAAATCTAGCTTGGCCTCTTATTGTTAC ACCAAATTTGGCTTGGCCTCTTATTGTTAC	12989	2	0.9909638554216867	GGGAGGTAGATTTGTGCTAGCATTATTATC GGGAGGTAGGTTTGTGCTGGCATTACTATC	2	0.9909638554216867	CGGCTGGTACAACACAAACAGCTTGTAC TGCAGCTGGTACTACGCAAACAGCTTGT	{12925} {12923}
4.501591578646307	27277	27490	213	27277	3	0.9909638554216867	CAGAAACAAACATTCTTCTCAATGTGCCTC CAGAAACTAACATTCTTTTGAACGTGCCTC CGGAAACAAACATTCTTCCCAATGTGCCTC	27460	1	0.9909638554216867	CGCTTTCTTATTACAAATTAGGAGCGTCGC	2	0.9849397590361446	GGGACAATTGTGACCAGACCGCTCATGG TCCGAGGGACAATTTTGACCAGACCGCT	{27312} {27307}
4.517929730317068	30048	30269	221	30048	2	0.9939759036144579	GCATCGTATGGGTCGCAACTGAGGGAGCCT GCATCGTATGGGTTGCAACTGAGGGAGCCT	30239	2	0.9909638554216867	AATTCAAGAAATTCAACTCCTGGCAGCAGT AATTCCAGAAATTCAACGCCTAGCAGTAGC	2	0.9849397590361446	ATTACAATGCTGCCACCGTGCTACAACT TCTACGCTGAAGGGAGCAGGAGTGGTAG	{30117} {30174}
4.521887395870145	1386	1609	223	1386	2	0.9909638554216867	TACATGTGGGTACCTACCTACTAATGCTGT TACGTGTGGATACCTACCTGCTAATGCTGT	1579	2	0.9909638554216867	AAGCGAGCCTACTGGGTCCCTCGTGCTAGT AAGCGTGCCTACTGGGTTCCTCGTGCTAGT	2	0.9909638554216867	AGCATAGTGTTGCTGACTACCACAACCA GGACTAGATGTTTTGGAGGCTGTGTGTT	{1466} {1529}
4.523848055426138	12748	12972	224	12748	3	0.9909638554216867	GGGAAATCCAGCAAGTTGTTGATGCGGATA GGGAAATTCAGCAAGTTGTTGATGCAGATA GGGAGATCCAGCAAGTTGTTGACGCAGATA	12942	1	0.9939759036144579	ACAGCTTGTACTGATGACAATGCACTTGCC	2	0.9969879518072289	ACCAAATTTGGCTTGGCCTCTTATTGTT GTTACTGCACTAAGAGCCAACTCAGCTG	{12818} {12843}
4.5294232855682015	30100	30278	178	30100	2	0.9939759036144579	TGGCACCCGCAATCCTAATAACAATGCTGC TGGCACCCGCAATCCTGCTAACAATGCTGC	30248	2	0.9909638554216867	AATTCAACGCCTAGCAGTAGCAGAGGTTCA AATTCAACTCCTGGCAGCAGTAGGGGAAAT	3	0.9879518072289156	CTCATCACGTAGTCGCGGTAATTCAACA CTCATCACGTAGTCGTGGAAATTCAAGA CTTCTCGCTCTTCATCACGTAGTCGTGG	{30220} {30220} {30210}
4.553689758004453	18373	18613	240	18373	1	0.9909638554216867	CATACCAGGCATACCAAAGGACATGACCTA	18583	3	0.9939759036144579	TTCAACAGGTGTTAACCTAGTAGCTGTACC TTCAACAGGTGTTAACCTAGTGGCCGTACC TTCTACAGGTGTTAACTTAGTAGCTGTACC	2	0.9879518072289156	CGAAGAAGCTATTCGTCACGTTCGTGCG CGCGAAGAGGCCATTCGTCACGTTCGTG	{18478} {18476}
4.5624729605267245	11413	11658	245	11413	1	0.9909638554216867	CTACATGCCTGCTAGCTGGGTGATGCGTAT	11628	3	0.9909638554216867	ATGCTTTAGATCAAGCTATTTCCATGTGGG ATTCCTTAGATCAAGCTATTTCCATGTGGG ATTCTTTAGACCAAGCTATTTCCATGTGGG	2	0.9849397590361446	CTGATGAATGTCATTACACTTGTTTACA TGGCTCGAATTGGCTGACACTAGCTTAT	{11585} {11450}
4.5624729605267245	13308	13553	245	13308	2	0.9939759036144579	TTACCTAGCAAGTGGAGGACAACCAATCAC TTACTTAGCAAGTGGTGGACAACCAATCAC	13523	2	0.9909638554216867	ACCACCTGTGCTAATGACCCTGTGGGTTTC ACCACTTGTGCTAATGACCCAGTGGGTTTT	2	0.9909638554216867	CACCGGTACAGGACAGGCAATCACGGTA CACTGGTACTGGACAGGCAATCACTGTA	{13366} {13366}
4.575034243325826	28426	28520	94	28426	2	0.9909638554216867	ATATCACTATCAGGAGTGTGTTAGAGGTAC ATATCATTATCAGGAGTGTGTTAGGGGTAC	28490	3	0.9909638554216867	ACATACGAGGGCAATTCACCATTTCACCCT ACATATGAGGGCAATTCACCATTTCATCCT ACTTACGAGGGCAATTCACCATTTCATCCT	1	0.9789156626506024	CTGTACTACTTAAAGAACCTTGCCCATC	{28458}
4.616854842851936	18871	19086	215	18871	3	0.9939759036144579	TTGTCTGTGTGACAAACGCGCGACTTGCTT TTGTCTGTGTGACAAACGTGCAACTTGCTT TTGTCTGTGTGACAGACGTGCGACTTGTTT	19056	1	0.9969879518072289	TGGCTAGTTGTGATGCTATCATGACTAGAT	3	0.9909638554216867	CTCTACTTCATCTGATACTTACGCCTGT TACTTCATCTGACACTTATGCTTGCTGG TCATCAGATACTTATGCCTGCTGGAATC	{18901} {18904} {18908}
4.6445754107419015	12989	13218	229	12989	2	0.9909638554216867	GGGAGGTAGATTTGTGCTAGCATTATTATC GGGAGGTAGGTTTGTGCTGGCATTACTATC	13188	2	0.9939759036144579	CTGGGCAGTTTAGCTGCTACAGTACGTCTT CTGGGTAGTTTAGCTGCCACAGTACGTCTT	3	0.9849397590361446	AGACCATCAAGATCTCAAATGGTCTAGA CACCAGGACCTCAAGTGGGCTAGATTCC CTAAGAGTGATGGTACAGGTACAGTTTA	{13019} {13023} {13051}
4.6667	616	708	92	616	3	0.9909638554216867	AGCGGTACAACACTGGGAGTTCTCGTGCCA AGCGGTATAACACTGGGAGTACTCGTGCCA AGCGGTATAACTCTGGGAGTGCTCGTGCCA	678	2	0.9909638554216867	TGTTCTTCTCCGTAAGAATGGTAATAAGGG TGTTCTTCTTCGTAAGAACGGTAATAAGGG	2	0.9849397590361446	ATGTGGGCGAGACCCCAATTGCATACCG CGTGGGCGAAACCCCAATCGCATACCGT	{647} {648}
4.676564373321448	27277	27370	93	27277	3	0.9909638554216867	CAGAAACAAACATTCTTCTCAATGTGCCTC CAGAAACTAACATTCTTTTGAACGTGCCTC CGGAAACAAACATTCTTCCCAATGTGCCTC	27340	2	0.9909638554216867	AAAGTGAACTTGTCATTGGTGCTGTGATCA AGAGTGAACTCGTAATTGGAGCTGTGATCC	2	0.9849397590361446	GGGACAATTGTGACCAGACCGCTCATGG TCCGAGGGACAATTTTGACCAGACCGCT	{27312} {27307}
4.7349942636812	422	538	116	422	3	0.9909638554216867	TGGAAGAAGCCCTAGCGGAAGCACGTGAAC TGGAAGAGGCCCTATCGGAGGCACGTGAAC TTGAAGAAGCTATCACTGAAGCACGTCAAC	508	2	0.9909638554216867	CTTGAACAGCCCTATGTGTTCATTAAACGT CTTGAAGAGCCCTATGTGTTCATTAAACGA	1	0.9789156626506024	TGTGGTCTAGTAGAGCTGGAAAAAGGCG	{469}
4.753872931341441	26776	26878	102	26776	1	1.0	CGTACTGCTGCAATATTGTTAACGTGAGTT	26848	4	0.9909638554216867	TGAACTCCTCTGATTGTGTTCCTGATCTTC TGAACTCTGCTGAAGGGGTTCCTGATCTTC TGAACTCTTCTGAAGGAGTTCCTGATCTTC TGAATTCCTCTCAGGGCATTCCTGATCTTT	2	0.9909638554216867	AACGGTTTACGTCTACTCGCGTGTTAAA ACAGTTTACGTTTACTCACGTGTTAAAA	{26816} {26817}
4.767622420167964	1292	1414	122	1292	3	0.9909638554216867	ACCATTGTGGTGAAACTTCATGGCAGACGG ATCATTGCGATGAAGTTTCATGGCAGACGT ATCATTGTGATGAAGCTTCTTGGCAGACGT	1384	2	0.9909638554216867	ACTACATGTGGGTACCTACCTACTAATGCT ACTACGTGTGGATACCTACCTGCTAATGCT	1	0.9819277108433735	GCGACTTTCTGAAAGCCACTTGTGAACA	{1322}
4.777800000000001	693	817	124	693	3	0.9909638554216867	GAACGGTAATAAGGGAGCCGGTGGTCATAG GAACGGTAATAAGGGAGCTGGTGGCCATAG GAACGGTAATAAGGGTGCTGGTGGCCATTG	787	2	0.9909638554216867	TATGAACAAAACTGGAACACTAAGCATGGC TATGAACAACAATGGAACACTAAGCATGGC	1	0.9849397590361446	GCATCGATTTAAAGTCTTATGACTTAGG	{728}
4.789929642842771	18860	18967	107	18860	2	0.9939759036144579	GAAAGAACGTGTTGTCTGTGCGACAAACGT GAAAGAACGTGTTGTCTGTGTGACAAACGT	18937	3	0.9969879518072289	CTCTGTGAGCTTTGACTATGTCTATAACCC CTCTGTGGGTTTTGACTATGTCTACAACCC TTCTGTGGGTTTTGACTATGTCTATAACCC	2	0.9939759036144579	TCATCAGATACTTATGCCTGCTGGAATC TGCTTCTCTACTTCATCTGACACTTATG	{18908} {18896}
4.801914134296109	13862	13991	129	13862	4	0.9939759036144579	GACACACGATGTCCAACTACCAACATGAAG GACATACTATGTCCAACTACCAGCATGAAG GGCACACAATGTCCAACTACCAACATGAAG GGCATACTATGTCTAACTACCAACATGAAG	13961	1	0.9969879518072289	ATGGTGACATGGTACCACATATATCACGTC	1	0.9939759036144579	GTCCATGACTTTTTCAAGTTTAGAGTAG	{13933}
4.806526686365172	27395	27490	95	27395	4	0.9909638554216867	ACACCATCTGGGACGCTGTGACATCAAGGA ACACTCCCTAGGGCGCTGTGACATTAAGGA ACACTCCCTTGGGCGCTGTGACATAAAGGA ACACTCGCTTGGGCGCTGTGACATTAAGGA	27460	1	0.9909638554216867	CGCTTTCTTATTACAAATTAGGAGCGTCGC	3	0.9849397590361446	AAAGAGATTACGGTGGCTACATCACGAA CTGCCAAAAGAGATCTCTGTGGCTACAT GCCAAAAGAGGTCACTGTGGCTACATCA	{27432} {27426} {27428}
4.824340537842753	12884	12981	97	12884	2	0.9939759036144579	CAATGAGCTGAGTCCAGTAGCACTACGACA TAATGAACTGAGTCCAGTAGCACTACGACA	12951	3	0.9939759036144579	ACTGATGACAACGCACTTGCCTACTACAAC ACTGATGACAATGCACTCGCCTATTACAAC ACTGATGACAATGCACTTGCCTACTATAAC	3	0.9909638554216867	TGCAGCTGGTACTACGCAAACAGCTTGT TGCGGCTGGTACAACACAAACAGCTTGT TGCGGCTGGTACTACACAGACAGCTTGT	{12923} {12923} {12923}
4.837079969342407	28500	28637	137	28500	3	0.9939759036144579	GCAATTCACCATTTCACCCTCTTGCTGACA GCAATTCACCATTTCATCCCCTTGCTGACA GCAATTCACCATTTCATCCTCTTGCTGATA	28607	2	0.9909638554216867	CGTGCAAGATCAGTTTCACCAAAACTTTTC CGTGCGAGATCAGTTTCACCCAAACTGTTT	1	0.9879518072289156	GCACTAGCACACACTTTGCTTTTGCTTG	{28548}
4.857248055426139	18237	18338	101	18237	2	0.9969879518072289	GGCTACATTACAAGCAGAAAATGTAACTGG GGCTACTTTACAAGCAGAAAATGTGACTGG	18308	3	0.9909638554216867	CCAACACAGGCACCTACACATCTCAGTGTT CCTACACAGGCACCGACACACCTCAGTGTT CCTACACAGGCACCTACACACCTCAGCGTT	3	0.9909638554216867	CTGTAGTAAAATCATTACTGGTCTTCAC CTGTAGTAAGATCATTACCGGTCTTCAT CTGTAGTAAGATCATTACTGGTCTTCAT	{18280} {18280} {18280}
4.917643040981689	735	894	159	735	1	0.9909638554216867	TCTAAAGTCTTATGACTTAGGTGACGAGCT	864	4	0.9909638554216867	CACTCGCTATGTCGACAACAACTTCTGTGG CACTCGCTATGTCGACAACAATTTCTGTGG CACTCGCTATGTTGATAACAACTTTTGTGG TACTCGCTATGTCGACAACAACTTTTGTGG	1	0.9849397590361446	TCCCATTGAAGATTATGAACAAAACTGG	{774}
4.926657335320482	18135	18267	132	18135	3	0.9909638554216867	GGCCATCACAAGAGCAAAAATTGGCATTTT GGCCATTACAAGAGCAAAGATTGGCATCTT GGCTATCACAAGGGCAAAAATTGGCATTTT	18237	2	0.9969879518072289	GGCTACATTACAAGCAGAAAATGTAACTGG GGCTACTTTACAAGCAGAAAATGTGACTGG	2	0.9939759036144579	ACAAGTCTAGAAATACCACGTCGCAATG CAAGCTGCAATTTACGAGTCTAGAAGTA	{18208} {18195}
4.926657335320482	26981	27113	132	26981	2	0.9909638554216867	ACTCCTGGAACAATGGAACCTAGTAATAGG GCTCTTAGAACAATGGAACCTAGTAATAGG	27083	3	0.9939759036144579	AAAGCTTGTTTTCCTCTGGCTCTTGTGGCC AAAGCTTGTTTTCCTCTGGCTTTTATGGCC TAAGTTAATTTTCCTCTGGCTGCTTTGGCC	2	0.9849397590361446	GATTATGTTACTACAATTTGCCTATTCT TTTCATTTTCCTTGCCTGGATTATGCTA	{27029} {27011}
4.952316373031191	18860	18998	138	18860	2	0.9939759036144579	GAAAGAACGTGTTGTCTGTGCGACAAACGT GAAAGAACGTGTTGTCTGTGTGACAAACGT	18968	3	0.9909638554216867	TTTATGATTGATGTCCAGCAATGGGGCCTT TTTATGATTGATGTCCAGCAGTGGGGTTTT TTTATGATTGATGTTCAGCAGTGGGGCTTT	2	0.9939759036144579	TCATCAGATACTTATGCCTGCTGGAATC TGCTTCTCTACTTCATCTGACACTTATG	{18908} {18896}
4.9722337616452865	14714	14857	143	14714	1	0.9909638554216867	TAATCAGGATGTAAACTTACATAGCTCGCG	14827	4	0.9909638554216867	CATCATGCTTTTCGGTGGCTGCACTAACAA CATCGTGCTTTTCAGTTGCAGCTTTGACTA CTACATGCTTTTCAGTAGCTGCACTAACAA CTACATGCTTTTCGGTAGCTGCACTAACAA	2	0.9879518072289156	CATGCATGCTGCCTCTGGCAATTTGTTG TATGCATGCAGCTTCTGGCAATTTATTG	{14786} {14786}
4.990985705661207	6468	6616	148	6468	4	0.9909638554216867	GTGCATACGTTGTCTTTGGAGTACAAAACC GTGTTTACGTTGTCTGTGGAGTACAAAACC GTGTTTACGTTGTCTTTGGAGTACAAAGCC GTGTTTGCGTTGTCTTTATAGCACTAAACC	6586	1	0.9939759036144579	CTCTGAAGAAGTAGTGGAAAATCCTACCAT	2	0.9819277108433735	TATAACAACTTCTAATCCATTTGAAGTT TGGCAGTAGAAGACACACAAGGAATGGA	{6498} {6527}
4.992397268051916	13806	13991	185	13806	4	0.9909638554216867	ATTCCAGGAGAAGGATGAAGAAGGCAATTT CTTCCAAGAAAAGGATGAGGAAGGCAATTT CTTCCAAGAGAAGGATGAAGAGGGCAATTT CTTCCAGGAGAAGGATGAGGAAGGCAATTT	13961	1	0.9969879518072289	ATGGTGACATGGTACCACATATATCACGTC	1	0.9939759036144579	GTCCATGACTTTTTCAAGTTTAGAGTAG	{13933}
5.0	30421	30513	92	30421	3	0.9909638554216867	GGCATCCAAAAAGCCTCGCCAAAAACGTAC GGCATCGAAGAAGCCTCGCCAAAAACGTAC GGCATCTAAAAAGCCTCGCCAAAAACGTAC	30483	2	0.9909638554216867	TTGGGAGACGTGGTCCAGAACAAACCCAAG TTGGGCGACGTGGTCCAGATCAAACTCAAG	5	0.9879518072289156	ACTAAACAGTACAACGTCACCCAAGCAT CAACCAAACAGTATAATGTCACCCAAGC CAACCAAGTCGTACAACGTCACTCAAGC CACCAAGGTGTATAACGTCACTCAAGCA CTACAAAACAGTACAATGTCACTCAAGC	{30455} {30453} {30453} {30454} {30453}
5.012129642842771	17037	17191	154	17037	2	0.9939759036144579	GTACACCTTTGAAAAAGGTGACTATGGTGA GTACACTTTTGAAAAGGGTGACTACGGTGA	17161	3	0.9969879518072289	ACACTAGTGCCACAGGAGCACTATGTGCGA ACACTAGTGCCTCAAGAGCACTATGTGAGA ACTCTAGTGCCACAAGAGCACTATGTGAGA	2	0.9819277108433735	CTACAACATATAAATTGAATGTTGGTGA CTCACACTGTGATGCCACTTAGTGCACC	{17087} {17132}
5.015521916171137	11413	11568	155	11413	1	0.9909638554216867	CTACATGCCTGCTAGCTGGGTGATGCGTAT	11538	4	0.9909638554216867	TGACAGCAAGAACCGTATATGATGATAGTG TGACAGCTCGCACTGTTTATGATGATGCTG TGACTGCCCGTACTGTTTATGATGATGCTG TGACTGCTCGTACTGTCTATGATGATGCTG	2	0.9819277108433735	GACACTAGTTTGTCTGGTTATCGGCTCA TGTTATGTATGCTTCAGCTTTAGTTTTG	{11465} {11500}
5.018878667660241	11857	12013	156	11857	2	0.9909638554216867	ACCGCTACTTTAGACTTACTCTTGGTGTTT ACCGTTACTTCAGGCTTACTCTTGGTGTTT	11983	3	0.9909638554216867	TAAATTGCTGGGCATTGGAGGAAAACCATG TAAATTGTTGGGCATTGGAGGTAAACCTTG TAAGTTGTTGGGTATTGGAGGTAAACCATG	2	0.9939759036144579	AGGGGCTCCTGCCACCTAAGAGTAGTAT CCCAGGGGCTTTTGCCTCCTAAGAGTAG	{11933} {11930}
5.031964845367944	16902	17062	160	16902	3	0.9909638554216867	CACTGTACGCGAAGTACTCTCTGACAGAGA CACTGTACGTGAAGTACTGTCTGATAGAGA CACTGTTCGTGAAGTACTGTCAGATAGAGA	17032	2	0.9939759036144579	GGAGAGTACACCTTTGAAAAAGGTGACTAT GGAGAGTACACTTTTGAAAAGGGTGACTAC	2	0.9909638554216867	GGAGGTAGGAAAACCTAGACCACCACTG GGAGGTTGGAAAACCTAGACCACCATTG	{16947} {16947}
5.033273809953941	508	639	131	508	2	0.9909638554216867	CTTGAACAGCCCTATGTGTTCATTAAACGT CTTGAAGAGCCCTATGTGTTCATTAAACGA	609	3	0.9909638554216867	CGGTCGTAGCGGTACAACACTGGGAGTTCT CGGTCGTAGCGGTATAACACTGGGAGTACT CGGTCGTAGCGGTATAACTCTGGGAGTGCT	3	0.9789156626506024	CTAGTTGCTGAATTGGATGGCGTTCAGT TCTGAAGCCTTAAGCACCACTCATGGCC TCTGATGCCTTAAGCACCAATCACGGCC	{580} {538} {538}
5.050843513028185	21446	21581	135	21446	1	0.9909638554216867	CTCATGGTGGACAGCTTTTGTTACAAATGT	21551	4	0.9909638554216867	CACCATGCACGCTAACTACATTTTTTGGAG TACCATGCATGCTAACTACATCTTTTGGAG TACCATGCATGCTAACTACATTTTCTGGAG TACCATGCATGCTAACTACGTCTTCTGGAG	3	0.9909638554216867	GGAGCTAACTATCTTGGCAAGCCGAAGG GGCAAGCCGAAGGAACAAATTGATGGCT TAACTACCTTGGTAAGCCAAAAGAACAA	{21507} {21522} {21512}
5.071143765448655	26776	26949	173	26776	1	1.0	CGTACTGCTGCAATATTGTTAACGTGAGTT	26919	4	0.9909638554216867	GGAACTTTAACATTGCTTATCATGGCAGAC GGAACTTTAACATTGCTTATCATGGCTGAG GGAACTTTAACATTGCTTGTCATGGCAGAG GGAACTTTAATTTTAGCCATGTCAGGTGAC	2	0.9879518072289156	CCAACAGTTTACGTTTACTCGCGTGTTA TAAAAATCTGAACTCTTCTGAAGGAGTT	{26814} {26840}
5.0739681611474055	12659	12776	117	12659	2	0.9939759036144579	AGCAGCCAAACTCATGGTTGTTGTCCCTGA AGCAGCTAAACTCATGGTTGTTGTACCTGA	12746	3	0.9909638554216867	CTGGGAAATCCAGCAAGTTGTTGATGCGGA CTGGGAAATTCAGCAAGTTGTTGATGCAGA CTGGGAGATCCAGCAAGTTGTAGATGCAGA	4	0.9879518072289156	GATGGTAACACTTTTACATATGCATCAG GGTAACACTTTTACGTATGCGTCTGCAC GTAACACTTTCACATATGCGTCAGCACT GTACCTACAAGTACACTTGTGATGGTAA	{12714} {12717} {12718} {12694}
5.075514670640964	7581	7803	222	7581	3	0.9909638554216867	GCAATGGTTAGGATGTACATCTTCTTTGCT GCAATGGTTAGGATGTACATTTTCTTCGCT GCTATGGTCAGGATGTACATTTTCTTTGCT	7773	2	0.9909638554216867	GGCTTCTGCAAGACTCACAATTGGAATTGT GGCTTCTGTAAGGCTCACAATTGGAATTGT	1	0.9909638554216867	GCTATGTTCATATCATGGATGGTTGCAC	{7633}
5.100922420167963	30048	30232	184	30048	2	0.9939759036144579	GCATCGTATGGGTCGCAACTGAGGGAGCCT GCATCGTATGGGTTGCAACTGAGGGAGCCT	30202	3	0.9909638554216867	TCAAGCCTCTTCTCGCTCCTCATCACGTAG TCAAGCCTCTTCTCGCTCTTCATCACGTAG TCAATCTTCATCTCGCTCCTCATCACGTAG	2	0.9849397590361446	ATTACAATGCTGCCACCGTGCTACAACT TCTACGCTGAAGGGAGCAGGAGTGGTAG	{30117} {30174}
5.118526590941621	16902	17093	191	16902	3	0.9909638554216867	CACTGTACGCGAAGTACTCTCTGACAGAGA CACTGTACGTGAAGTACTGTCTGATAGAGA CACTGTTCGTGAAGTACTGTCAGATAGAGA	17063	2	0.9969879518072289	GTGATGCTGTTGTGTACAGAGGTACTACAA GTGATGCTGTTGTGTACAGAGGTACTACGA	2	0.9909638554216867	GGAGGTAGGAAAACCTAGACCACCACTG GGAGGTTGGAAAACCTAGACCACCATTG	{16947} {16947}
5.129978667660241	1336	1492	156	1336	2	0.9909638554216867	GCCACTTGTGAACAATGTGGCACTGAAAAC GCCACTTGTGAACATTGTGGCACTGAAAAT	1462	3	0.9909638554216867	CCAGAGCATAGTGTTGCTGACTACCACAAC CCTGAGCATAGTGTTGCAGACTACCACAAC CCTGAGCATAGTGTTGCAGATTATCACAAC	3	0.9909638554216867	AATTGCTGAAGGACCTACTACATGTGGG CCCAATACATGTGGGTACCTACCTACTA TAGTTTGTGAAGGACCCACTACATGTGG	{1368} {1381} {1367}
5.14437380995394	990	1192	202	990	4	0.9909638554216867	GAAGAGAGGTGTCTACTGCTGCCGTGAACA GAAGAGAGGTGTCTACTGCTGCCGTGACCA GAAGCGTGGTGTCTATTGCTGCCGTGAACA TAAGAGAGGTGTGTACTGCTGCCGTGAACA	1162	1	0.9909638554216867	GTCAAAGTCATTCAACCACGTGTTGAAAAG	2	0.9849397590361446	AGGGGAATGCCCAAAGTTTGTGTTTCCT TTTAAAGGGGAATGCCCGAAGTTCGTAT	{1122} {1117}
5.152540417140112	12818	12981	163	12818	2	0.9909638554216867	ACCAAATCTAGCTTGGCCTCTTATTGTTAC ACCAAATTTGGCTTGGCCTCTTATTGTTAC	12951	3	0.9939759036144579	ACTGATGACAACGCACTTGCCTACTACAAC ACTGATGACAATGCACTCGCCTATTACAAC ACTGATGACAATGCACTTGCCTACTATAAC	3	0.9909638554216867	TGCAGCTGGTACTACGCAAACAGCTTGT TGCGGCTGGTACAACACAAACAGCTTGT TGCGGCTGGTACTACACAGACAGCTTGT	{12923} {12923} {12923}
5.15327901698314	10135	10268	133	10135	2	0.9909638554216867	AGCAGCTTGCTGCCACTTAGCAAAGGCTCT AGCAGCTTGCTGTCATTTAGCTAAGGCTCT	10238	3	0.9909638554216867	CAGAGTGGTTTTAGAAAAATGGCATTCCCG CAGAGTGGTTTTAGGAAAATGGCATTCCCG CAGAGTGGTTTTAGGAAAATGGCATTTCCC	4	0.9849397590361446	ACAGACTTCAATCACTTCTGCGGTTTTG ACCACAAACTTCAATCACATCTGCAGTT ACCACAGACGTCAATCACTTCTGCTGTT ACCACAGACTTCAATCACTTCTGCCGTG	{10210} {10207} {10207} {10207}
5.159799245246692	13680	13889	209	13680	1	0.9969879518072289	TAAGTGCAGCCCGTCTTACACCGTGCGGCA	13859	4	0.9939759036144579	AGAGACACACGATGTCCAACTACCAACATG AGAGACATACTATGTCCAACTACCAGCATG AGAGGCACACAATGTCCAACTACCAACATG AGAGGCATACTATGTCTAACTACCAACATG	2	0.9879518072289156	ATTCCAGGAGAAGGATGAAGAAGGCAAT GAGAAGGATGAGGAAGGCAATTTATTAG	{13806} {13813}
5.1640735330780325	10477	10688	211	10477	3	0.9909638554216867	CCATTCCATGCAAAACTGTTTACTTAGGCT CCATTCCATGCAAAATTGTCTGCTTAGGCT CCATTCTATGCAAAATTGTCTGCTTAGGCT	10658	2	0.9939759036144579	TTCCTCAATGGGTCATGTGGTAGTGTTGGT TTCCTTAATGGATCATGTGGTAGTGTTGGT	2	0.9879518072289156	CAGTGTGCCATGAGACCTAATCATACCA TATCCAACCAGGTCAGACATTTTCAGTC	{10619} {10555}
5.166189493487164	26666	26878	212	26666	1	0.9939759036144579	CGTTTCGGAAGAAACAGGTACGTTAATAGT	26848	4	0.9909638554216867	TGAACTCCTCTGATTGTGTTCCTGATCTTC TGAACTCTGCTGAAGGGGTTCCTGATCTTC TGAACTCTTCTGAAGGAGTTCCTGATCTTC TGAATTCCTCTCAGGGCATTCCTGATCTTT	2	0.9909638554216867	AACGGTTTACGTCTACTCGCGTGTTAAA ACAGTTTACGTTTACTCACGTGTTAAAA	{26816} {26817}
5.193395040691433	10133	10310	177	10133	2	0.9909638554216867	GAAGCAGCTTGCTGCCACTTAGCAAAGGCT GAAGCAGCTTGCTGTCATCTGGCTAAGGCT	10280	3	0.9909638554216867	GAAGGATGCATGGTACAAGTCACCTGTGGA GAAGGGTGCATGGTACAAGTAACCTGTGGA GAAGGGTGCATGGTTCAAGTCACTTGTGGA	3	0.9849397590361446	AATCACTTCTGCGGTTTTGCAGAGTGGT ACCACAAACTTCAATCACATCTGCAGTT ACCACAGACGTCAATCACTTCTGCTGTT	{10219} {10207} {10207}
5.198272931341441	19058	19202	144	19058	1	0.9909638554216867	GCTAGTTGTGATGCTATCATGACTAGATGT	19172	4	0.9909638554216867	GCATGCAGAAAAGTACAGCATATGGTTGTT GCATGCAGAAAAGTGCAACATATGGTTGTA GCTTGCAGAAAAGTACAACACATGGTTGTG GCTTGCAGAAAAGTACAGCATATGGTTGTA	4	0.9879518072289156	CCCAATTATAGGAGATGAACTGAAGATT GCGTTGACTGGTCTGTTGAGTACCCAAT TGGTCTGTTGAATATCCGATTATCGGAG TTGAGCGCGTTGATTGGTCTGTTGAATA	{19138} {19116} {19124} {19110}
5.202066666009797	14659	14889	230	14659	3	0.9909638554216867	GTGTACCTTTTGTTGTTTCAACAGGATACC GTGTACCTTTTGTTGTTTCAACGGGCTACC GTGTTCCTTTTGTTGTTTCAACTGGATACC	14859	2	0.9909638554216867	AATGTCTCTTTTCAAACTGTCAAACCCGGT AATGTTGCTTTTCAAACTGTCAAACCCGGT	2	0.9879518072289156	CATGCATGCTGCCTCTGGCAATTTGTTG TATGCATGCAGCTTCTGGCAATTTATTG	{14786} {14786}
5.2256885040667145	27277	27520	243	27277	3	0.9909638554216867	CAGAAACAAACATTCTTCTCAATGTGCCTC CAGAAACTAACATTCTTTTGAACGTGCCTC CGGAAACAAACATTCTTCCCAATGTGCCTC	27490	2	0.9939759036144579	AGCGTGTAGGCAACGATTCAGGTTTTGCTG AGCGTGTAGGCACTGATTCAGGTTTTGCTG	2	0.9849397590361446	GGGACAATTGTGACCAGACCGCTCATGG TCCGAGGGACAATTTTGACCAGACCGCT	{27312} {27307}
5.227435466635868	18237	18481	244	18237	2	0.9969879518072289	GGCTACATTACAAGCAGAAAATGTAACTGG GGCTACTTTACAAGCAGAAAATGTGACTGG	18451	3	0.9909638554216867	TGGTTACCCTAACATGTTCATCACCCGTGA TGGTTACCCTAACATGTTTATTACCCGTGA TGGTTACCCTAATATGTTTATCACCCGCGA	2	0.9909638554216867	AGTAAGATCATTACCGGTCTTCATCCAA GTAGTAAGATCATTACTGGTCTTCACCC	{18284} {18282}
5.275173533078033	10883	11094	211	10883	3	0.9909638554216867	GGAGATAGATGGTTCCTTAATAGGTTTACC GGTGATAGGTGGTTCCTAAATAGGTTTACC GGTGATAGGTGGTTTCTTAATAGATTCACC	11064	2	0.9909638554216867	TGGTATGAATGGACGTACCATACTGGGTAG TGGTATGAATGGTCGTACTATCCTTGGTAG	3	0.9819277108433735	AGATATGTGTGCTGCTTTGAAAGAGCTG TTAGATATGTGTGCAGCTTTGAAAGAGT TTAGATATGTGTGCTGCTCTGAAAGAGC	{11028} {11026} {11026}
5.2938324226839715	7705	7805	100	7705	4	0.9909638554216867	GAGTGGAATGCACTACCATAGTTAATGGCA GCGTTGAGTGTACAACTATTGTTAATGGCA GTGTTGAGTGCACAACCATAGTTAATGGCA GTGTTGAGTGTACAACTATTGTCAATGGCG	7775	2	0.9909638554216867	CTTCTGCAAGACTCACAATTGGAATTGTCT CTTCTGTAAGGCTCACAATTGGAATTGTCT	1	0.9819277108433735	TCTATGTCTATGCAAATGGAGGCCGTGG	{7747}
5.301843377117346	18583	18672	89	18583	3	0.9939759036144579	TTCAACAGGTGTTAACCTAGTAGCTGTACC TTCAACAGGTGTTAACCTAGTGGCCGTACC TTCTACAGGTGTTAACTTAGTAGCTGTACC	18642	3	0.9909638554216867	CAGAATTCACCAGAGTTAATGCAAAACCTC CAGAGTTCACTAGAGTCAATGCAAAACCTC CGGAGTTCACTAGAGTTAATGCAAAACCTC	2	0.9909638554216867	AACTGGCTATGTTGACACTGAAAATAAC GACTGGTTATGTTGACACTGAAAATAAC	{18613} {18613}
5.324285705661208	17742	17978	236	17742	2	0.9909638554216867	AGGTCCAGACATGTTCCTTGGAACTTGTCG AGGTCCTGACATGTTTCTTGGAACATGTCG	17948	3	0.9909638554216867	CACGCAACCCTGCTTGGAGAAAAGCTGTTT CACGCAATCCTGCTTGGAGAAAAGCTGTTT CGCGCAACCCTGCTTGGAGAAAAGCTGTTT	3	0.9939759036144579	CAATAAGCTAAAAGCACACAAGGATAAG CCCAAATAGGTGTTGTAAGAGAGTTTCT GCTAAAAGCACACAAAGAGAAGTCAGCG	{17820} {17918} {17826}
5.348821916171137	12944	13194	250	12944	1	0.9939759036144579	AGCTTGTACTGATGACAATGCACTTGCCTA	13164	4	0.9939759036144579	AACAACCTAAATAGAGGTATGGTACTGGGT AACAACCTAAATAGAGGTATGGTATTGGGC AACAACCTAAATAGAGGTATGGTGCTGGGC AATAACCTAAATAGAGGTATGGTTCTGGGC	3	0.9879518072289156	CAGACCACCAGGACCTCAAGTGGGCTAG CTAAGAGTGATGGTACAGGTACAGTTTA TATAACAACTCAAGGGGAGGTAGATTTG	{13018} {13051} {12975}
5.348821916171137	18871	19121	250	18871	3	0.9939759036144579	TTGTCTGTGTGACAAACGCGCGACTTGCTT TTGTCTGTGTGACAAACGTGCAACTTGCTT TTGTCTGTGTGACAGACGTGCGACTTGTTT	19091	2	0.9939759036144579	GCAGTCCATGAGTGCTTCGTTAAGCGCGTC GCAGTCCATGAGTGCTTTGTTAAGCGCGTT	3	0.9909638554216867	CTCTACTTCATCTGATACTTACGCCTGT TACTTCATCTGACACTTATGCTTGCTGG TCATCAGATACTTATGCCTGCTGGAATC	{18901} {18904} {18908}
5.348821916171137	24960	25210	250	24960	2	0.9939759036144579	TGCTGCGACTAAAATGTCCGAGTGTGTACT TGCTGCTACTAAAATGTCTGAGTGTGTTCT	25180	3	0.9909638554216867	AATGGCACACACTGGTTTGTAACACAAAGG AATGGCACTTCTTGGTTCATCACACAGAGG AATGGCACTTCTTGGTTTATTACACAGAGG	3	0.9909638554216867	CCAGCAATTTGTCATGAAGGCAAAGCCT GGTTATCACCTAATGTCTTTTCCCCAGT TCACATATGTGCCATCACAAGAGAAAAA	{25123} {25024} {25082}
5.362026686365171	15739	15939	200	15739	3	0.9939759036144579	GTCAAGCAGTAACAGCTAATGTAAATGCAC GTCAAGCGGTGACAGCTAATGTAAATGCAC GTCAAGCTGTTACAGCCAATGTAAATGCAC	15909	2	0.9909638554216867	CTCCATGATGATTCTCTCAGATGACGCCGT CTCCATGATGATTCTTTCTGATGATGCCGT	4	0.9909638554216867	GATCATGAGTTCGTGGATGAATTTTATG GTACGTTCGCAACCTCCAACACAGGCTA TCCTTTCAACTGATGGTAACAAGATAGC TGTTGATCATGAATTCGTGGATGAGTTT	{15862} {15803} {15769} {15858}
5.4016942636811995	27141	27229	88	27141	5	0.9909638554216867	GCTGTCTACAGAATTAATTGGGTGACTGGC GCTGTTTACAGAATAAACTGGATCACTGGT GCTGTTTACAGAATCAATTGGGTGACTGGC GCTGTTTACAGAATTAATTGGGTGACTGGC GCTGTTTATAGAATAAACTGGGCCACGGGC	27199	1	0.9909638554216867	TAGGCTTGATGTGGCTTAGCTACTTCGTTG	3	0.9819277108433735	GGAATTGCGATTGCAATGGCTTGTATAG GGGATTGCGATTGCAATGGCTTGTATTG GGTATTGCGATTGCAATGGCTTGCATCG	{27171} {27171} {27171}
5.429109836406473	735	856	121	735	1	0.9909638554216867	TCTAAAGTCTTATGACTTAGGTGACGAGCT	826	5	0.9909638554216867	ACCCGTGAACTCAAGCGTGAGCTTAACGGA CTCCGCGAACTCATTCGTGAGCTCAACGGA CTCCGTGAACTCACTCGTGAGCTCAATGGA CTCCGTGAACTCATCCGTGAGCTCAATGGA CTCCGTGAACTCATTCGTGAGCTTAATGGA	1	0.9849397590361446	TCCCATTGAAGATTATGAACAAAACTGG	{774}
5.4566296428427705	787	894	107	787	2	0.9909638554216867	TATGAACAAAACTGGAACACTAAGCATGGC TATGAACAACAATGGAACACTAAGCATGGC	864	4	0.9909638554216867	CACTCGCTATGTCGACAACAACTTCTGTGG CACTCGCTATGTCGACAACAATTTCTGTGG CACTCGCTATGTTGATAACAACTTTTGTGG TACTCGCTATGTCGACAACAACTTTTGTGG	2	0.9879518072289156	AGTGGTGTACTCCGTGAACTCACTCGCG TCACTCGTGAGCTCAATGGAGGTGCAGT	{817} {836}
5.4910405378427525	30052	30186	134	30052	4	0.9909638554216867	AGTTTGGGTAGCCACGGAAGGGGCACTAAA CGTATGGGTCGCAACTGAGGGAGCCTTGAA CGTATGGGTTGCAACTGAGGGAGCCTTGAA CGTTTGGGTCGCAACTGAGGGAGCCTTAAA	30156	2	0.9939759036144579	CAACATTGCCAAAAGGCTTCTACGCAGAGG CAACATTGCCCAAAGGCTTCTACGCAGAAG	1	0.9819277108433735	ATTACAATGCTGCCACCGTGCTACAACT	{30117}
5.4953435130281845	7670	7805	135	7670	4	0.9909638554216867	GTGCATGATGTGCTACAAGCGCAATCGTGC TTGCATGATGTGCTACAAACGCAATCGTGC TTGCATGATGTGCTATAAGCGCAATCGTGC TTGCATGATGTGCTATAAGTGCAATCATGC	7775	2	0.9909638554216867	CTTCTGCAAGACTCACAATTGGAATTGTCT CTTCTGTAAGGCTCACAATTGGAATTGTCT	1	0.9819277108433735	TCTATGTCTATGCAAATGGAGGCCGTGG	{7747}
5.5079163730311915	351	489	138	351	2	0.9909638554216867	AACACACGTCCAACTCAGTTTACCTGTTCT AACACACGTCCAACTCAGTTTGCCTGTCCT	459	4	0.9909638554216867	AAATGGCACTTGTGGCTTAGTAGAGCTGGA AAATGGCACTTGTGGTCTAGTAGAGCTGGA AAATGGCACTTGTGGTTTAGTAGAGCTGGA AAGTGGCACTTGTGGCATAGTAGAGCTGGA	1	0.9909638554216867	CAGGTTAGAGACGTGCTAGTGCGTGGCT	{382}
5.512794263681199	30204	30292	88	30204	3	0.9909638554216867	AAGCCTCTTCTCGCTCCTCATCACGTAGTC AAGCCTCTTCTCGCTCTTCATCACGTAGTC AATCTTCATCTCGCTCCTCATCACGTAGTC	30262	3	0.9909638554216867	CAGCAGTAGGGGAAATTCTCCTGCTCGAAT CAGCAGTAGGGGAAGTTCTCCTGCTCGATT CAGTAGCAGAGGTTCATCACCAGCACGAAA	4	0.9819277108433735	GCGGCGATTCAAGAAATTCAACTCCTGG GCGGTAATTCAACAAATTCAACTCCTGG GCTGTAATTCAAGAAATTCAACTCCTGG GTGGAAATTCAAGAACTTCAACTCCTGG	{30234} {30234} {30234} {30234}
5.553789758004454	10989	11094	105	10989	4	0.9909638554216867	ACTAGGACCCCTTTCTGCGCAAACAGGAAT ACTAGGACCTCTTTCAGCTCAAACAGGAAT ACTGGGACCCCTTTCTGCACAAACAGGAAT ATTGGGACCTCTTTCTGCTCAAACAGGAAT	11064	2	0.9909638554216867	TGGTATGAATGGACGTACCATACTGGGTAG TGGTATGAATGGTCGTACTATCCTTGGTAG	3	0.9819277108433735	AGATATGTGTGCTGCTTTGAAAGAGCTG TTAGATATGTGTGCAGCTTTGAAAGAGT TTAGATATGTGTGCTGCTCTGAAAGAGC	{11028} {11026} {11026}
5.553789758004454	18451	18556	105	18451	3	0.9909638554216867	TGGTTACCCTAACATGTTCATCACCCGTGA TGGTTACCCTAACATGTTTATTACCCGTGA TGGTTACCCTAATATGTTTATCACCCGCGA	18526	3	0.9909638554216867	GGGCTGTCATGCAACTAGAGATGCTGTGGG GGGTTGTCATGCAACAAGGGATGCTGTGGG GGGTTGTCATGCTACTAGAGATGCTGTAGG	3	0.9879518072289156	AGAAGCTATTCGTCACGTTCGTGCGTGG CATTCGTCACGTTCGTGCATGGATTGGC CATTCGTCATGTTCGTGCATGGATAGGC	{18481} {18487} {18487}
5.553789758004454	19097	19202	105	19097	2	0.9939759036144579	CATGAGTGCTTCGTTAAGCGCGTCGATTGG CATGAGTGCTTTGTTAAGCGCGTTGATTGG	19172	4	0.9909638554216867	GCATGCAGAAAAGTACAGCATATGGTTGTT GCATGCAGAAAAGTGCAACATATGGTTGTA GCTTGCAGAAAAGTACAACACATGGTTGTG GCTTGCAGAAAAGTACAGCATATGGTTGTA	3	0.9909638554216867	ACCCTATTATAGGAGATGAACTGAGGGT TCTGTTGAATACCCGATTATTGGAGATG TTATAGGAGATGAACTGAAGATTAATTC	{19137} {19127} {19143}
5.584326686365171	11567	11697	130	11567	5	0.9909638554216867	ACTAGACGAGTTTGGACATTGATGAATGTC GCTAGAAGAGTTTGGACACTTATGAATGTC GCTAGACGTGTGTGGACATTGATGAATGTC GCTAGACGTGTTTGGACACTGATGAATGTC GCTAGGCGTGTATGGACATTGATGAATGTC	11667	1	0.9909638554216867	TTTCTGTAACCTCTAACTATTCTGGTGTCG	2	0.9849397590361446	CAAGCTATTTCCATGTGGGCCTTAGTTA GCAAGCTATTTCCATGTGGGCTCTTGTT	{11639} {11638}
5.600137705370951	28426	28590	164	28426	2	0.9909638554216867	ATATCACTATCAGGAGTGTGTTAGAGGTAC ATATCATTATCAGGAGTGTGTTAGGGGTAC	28560	4	0.9909638554216867	AATTTGCTTTTGCTTGTCCTGACGGTGTTA ACTTTGCTTTTGCTTGTGCTGACGGTACTC ATTTTGCTTTTGCTTGTGCTGACGGTACTA GCTTTGCTTTTGCTTGTGCTGACGGTACTA	1	0.9789156626506024	CTGTACTACTTAAAGAACCTTGCCCATC	{28458}
5.606443513028184	623	758	135	623	5	0.9909638554216867	AAACGCTTGGTGTCTTAGTGCCACACACGT CAACACTGGGAGTCCTCGTGCCACATGTGG TAACACTGGGAGTACTCGTGCCACATGTGG TAACACTGGGAGTCCTCGTGCCACACGTGG TAACACTGGGAGTGCTCGTGCCACATGTGG	728	1	0.9909638554216867	GCATCGATCTAAAGTCTTATGACTTAGGTG	2	0.9849397590361446	CCCCAATCGCATACCGTAATGTTCTTCT GCGAAACCCCAATTGCATACCGCACTGT	{659} {653}
5.610689493487164	13345	13481	136	13345	4	0.9909638554216867	CGTGAAGATGCTGTGCACACACACGGGTAC CGTGAAGATGCTGTGCACACACACTGGTAC TGTGAAGATGTTGTGTACACACACTGGTAC TGTGAAGATGTTGTGTACCCACACCGGTAC	13451	2	0.9909638554216867	TGCAGGTGCCACATAGATCATCCAAATCCT TGTAGATGCCACATTGACCATCCAAATCCT	2	0.9849397590361446	AGGCAATCACGGTAACACCAGAAGCTAA GGACAGGCAATTACCGTAACACCCGAAG	{13380} {13376}
5.610689493487164	14753	14889	136	14753	4	0.9909638554216867	CAAGGAACTTTTAGTGTATGCTGCTGATCC TAAGGAACTTTTAGTGTACGCTGCTGATCC TAAGGAACTTTTAGTGTATGCCGCTGACCC TAAGGAACTTTTAGTGTATGCTGCCGACCC	14859	2	0.9909638554216867	AATGTCTCTTTTCAAACTGTCAAACCCGGT AATGTTGCTTTTCAAACTGTCAAACCCGGT	2	0.9879518072289156	CATGCATGCTGCCTCTGGCAATTTGTTG TATGCATGCAGCTTCTGGCAATTTATTG	{14786} {14786}
5.615190556965433	18721	18890	169	18721	4	0.9909638554216867	ACCCTGGAACATAGTGCGTATCAAGATAGT GCCCTGGAACGTGGTGCGTATTAAGATTGT GCCCTGGAATGTAGTGCGTATTAAGATAGT GCCCTGGAATGTTGTGCGTATTAAGATCGT	18860	2	0.9939759036144579	GAAAGAACGTGTTGTCTGTGCGACAAACGT GAAAGAACGTGTTGTCTGTGTGACAAACGT	1	0.9879518072289156	CTGAAAGGATTGTCAGACAGAGTCGTGT	{18770}
5.6238942636811995	27657	27829	172	27657	2	0.9909638554216867	GACTTCCAGGTTACAATAGCAGAGATATTG GACTTTCAGGTTACAATAGCAGAGATGTTG	27799	4	0.9909638554216867	CCTCAGTTAGATGATGAAGAACCTATGGAG TCAGAGTTAGATGATGAAGTACCTATGGAG TCGGAGTTAGATGATGAAGAACCTATGGAG TCTTAGTTAGATGATGACGAACCTATGGAG	1	0.9909638554216867	ATAGTGAGACAATTATTTAAGCCTCTAA	{27757}
5.640623285568202	28459	28637	178	28459	4	0.9909638554216867	GGTGTTATTAAGTGAACCTTGCTCCCCTAA TGTACTACTAAAAGAACCTTGCCCATCAGG TGTACTACTAAAAGAACCTTGCCCATCTGG TGTACTATTAGAAGAACCTTGCCCATCAGG	28607	2	0.9909638554216867	CGTGCAAGATCAGTTTCACCAAAACTTTTC CGTGCGAGATCAGTTTCACCCAAACTGTTT	1	0.9879518072289156	GCACTAGCACACACTTTGCTTTTGCTTG	{28548}
5.646011090344213	10086	10266	180	10086	4	0.9909638554216867	ACAAGTACAAGTATTTCAGTGGAGCCTTAG ACAAGTACAAGTATTTTAGCGGGGCCTTGG ATAAGTACAAGTATTTCAGTGGGGCCTTGG ATAAGTACAAGTATTTTAGTGGGGCCATGG	10236	2	0.9909638554216867	TGCAGAGTGGTTTTAGAAGAATGGCATTCC TGCAGAGTGGTTTTAGGAAAATGGCATTCC	1	0.9879518072289156	TACCAGCTATCGTGAAGCAGCTTGCTGC	{10120}
5.646566666009797	20128	20273	145	20128	2	0.9909638554216867	AATAGGTGTCTGCACAATGACTGACATTGC AATAGGTGTCTGTACAATGACTGACATAGC	20243	4	0.9909638554216867	CGCCCGTAATGGTGTTTTAATAACAGAAGG TGCACGTAATGGTGTTTTAATAACGGAAGG TGCCCGAAACGGTGTTTTAATAACAGAAGG TGCTCGCAATGGTGTTTTAATAACAGAAGG	2	0.9909638554216867	AAGAAACCTACTGAGAGTGCTTGTTCAT GTTCGTCGCTTACTGTCTTATTCGATGG	{20159} {20181}
5.659097268051916	26297	26482	185	26297	5	0.9909638554216867	AAAGTGGGAGTCTGGTGTTAAGGACTGTGT GAATTGGCACTCAGGTGTTAAAGACTATGT GGATAGGCACTCAGGTGTTAAAGACTATGT GGATTGGCATTCAGGTGTAAAGGACTATGT GGATTGGCATTCAGGTGTTAAAGACTATGT	26452	1	0.9909638554216867	ATGTGCAAATACACACAATCGACGGCTCTT	1	0.9879518072289156	AAATGCTACATTCTTCATCTTTAACAAG	{26402}
5.6822219161711365	10660	10815	155	10660	2	0.9939759036144579	CCTCAATGGGTCATGTGGTAGTGTTGGTTT CCTTAATGGATCATGTGGTAGTGTTGGTTT	10785	4	0.9909638554216867	ATGGACCTTTTGTTGACAGACAAACTGCAC ATGGTCCATTTGTTGACAGACAAACTGCAC ATGGTCCTTTTGTAGACAGACAAACAGCAC ATGGTCCTTTTGTAGATAGACAGACTGCAC	2	0.9849397590361446	ATTGCGTGTCTTTCTGCTATATGCATCA TCCAACTGGAGTACACGCTGGTACTGAC	{10704} {10741}
5.686134243325825	6468	6664	196	6468	4	0.9909638554216867	GTGCATACGTTGTCTTTGGAGTACAAAACC GTGTTTACGTTGTCTGTGGAGTACAAAACC GTGTTTACGTTGTCTTTGGAGTACAAAGCC GTGTTTGCGTTGTCTTTATAGCACTAAACC	6634	2	0.9909638554216867	GTGTAATGTGAAAACTACCGAAGTTGTAGG GTGTGACGTGAAAACTACCGAAGTTGTAGG	1	0.9789156626506024	TGGCAGTAGAAGACACACAAGGAATGGA	{6527}
5.695426686365171	1292	1492	200	1292	3	0.9909638554216867	ACCATTGTGGTGAAACTTCATGGCAGACGG ATCATTGCGATGAAGTTTCATGGCAGACGT ATCATTGTGATGAAGCTTCTTGGCAGACGT	1462	3	0.9909638554216867	CCAGAGCATAGTGTTGCTGACTACCACAAC CCTGAGCATAGTGTTGCAGACTACCACAAC CCTGAGCATAGTGTTGCAGATTATCACAAC	1	0.9819277108433735	GCGACTTTCTGAAAGCCACTTGTGAACA	{1322}
5.698664845367944	18809	18969	160	18809	3	0.9969879518072289	GCACATGGCTTTGAACTCACATCGATGAAG GCGCATGGCTTTGAGCTTACATCAATGAAG GCTCATGGCTTTGAACTTACATCAATGAAG	18939	3	0.9939759036144579	CTGTGAGCTTTGACTATGTCTATAACCCAT CTGTGGGTTTTGACTATGTCTACAACCCGT CTGTGGGTTTTGACTATGTCTATAACCCAT	2	0.9939759036144579	TCATCAGATACTTATGCCTGCTGGAATC TGCTTCTCTACTTCATCTGACACTTATG	{18908} {18896}
5.698664845367944	27277	27437	160	27277	3	0.9909638554216867	CAGAAACAAACATTCTTCTCAATGTGCCTC CAGAAACTAACATTCTTTTGAACGTGCCTC CGGAAACAAACATTCTTCCCAATGTGCCTC	27407	3	0.9939759036144579	ACGCTGTGACATCAAGGACCTGCCAAAAGA GCGCTGTGACATTAAGGACCTGCCAAAAGA GCGCTGTGACATTAAGGACCTGCCAAAGGA	2	0.9849397590361446	GGGACAATTGTGACCAGACCGCTCATGG TCCGAGGGACAATTTTGACCAGACCGCT	{27312} {27307}
5.704457335320482	11236	11440	204	11236	5	0.9909638554216867	GTCCAAAGTACAAAGTGGTCACTGTTCTTC GTCCAAAGTACTCAGTGGTCACTGTTTTTC GTCCAGAGTACACAGTGGTCGCTGTTTTTC GTTCAAAGTACACAGTGGTCACTGTTTTTC GTTCAGAGTACTCAATGGTCTTTGTTCTTC	11410	1	0.9909638554216867	GGTCTACATGCCTGCTAGCTGGGTGATGCG	1	0.9849397590361446	ACGAGAATGCTTTCTTGCCATTTACTCT	{11273}
5.70814041714011	26848	27011	163	26848	4	0.9909638554216867	TGAACTCCTCTGATTGTGTTCCTGATCTTC TGAACTCTGCTGAAGGGGTTCCTGATCTTC TGAACTCTTCTGAAGGAGTTCCTGATCTTC TGAATTCCTCTCAGGGCATTCCTGATCTTT	26981	2	0.9909638554216867	ACTCCTGGAACAATGGAACCTAGTAATAGG GCTCTTAGAACAATGGAACCTAGTAATAGG	2	0.9879518072289156	AACTTTAACATTGCTTATCATGGCAGAC AACTTTAACATTGCTTATCATGGCTGAG	{26921} {26921}
5.723891578646308	681	894	213	681	2	0.9969879518072289	TCTTCTCCGTAAGAATGGTAATAAGGGAGC TCTTCTTCGTAAGAACGGTAATAAGGGAGC	864	4	0.9909638554216867	CACTCGCTATGTCGACAACAACTTCTGTGG CACTCGCTATGTCGACAACAATTTCTGTGG CACTCGCTATGTTGATAACAACTTTTGTGG TACTCGCTATGTCGACAACAACTTTTGTGG	1	0.9879518072289156	GCTATGGCATCGATCTAAAGTCTTATGA	{722}
5.723891578646308	9116	9329	213	9116	2	0.9909638554216867	CAGTGCTGTTGGCAATATTTGCTACACACC TAGTGCTGTTGGCAACATTTGCTACACACC	9299	4	0.9909638554216867	AGACACTCGTTATGTGCTTATGGATGGTTC TGACACCCGTTATGTGCTCATGGATGGTTC TGACACTCGCTATGTGCTCATGGACGGTTC TGACACTCGTTATGTGCTTATGGATGGTTC	1	0.9879518072289156	TCCAAACTCATTGAGTATAGTGATTTTG	{9147}
5.7301163730311915	7775	7991	216	7775	2	0.9909638554216867	CTTCTGCAAGACTCACAATTGGAATTGTCT CTTCTGTAAGGCTCACAATTGGAATTGTCT	7961	4	0.9909638554216867	TGACAAGGCTGGTCAAAAGACCTATGAGAG TGACAAGGCTGGTCAAAAGACTTACGAGAG TGATAAGGCTGGTCAAAAGACTTATGAGAG TGATAAGGCTGGTCAGAAGACTTACGAGAG	1	0.9909638554216867	CTCGTGATTTGTCACTCCAGTTTAAAAG	{7855}
5.7301163730311915	9602	9740	138	9602	2	0.9909638554216867	TATTATCGCCATACTGGTGACTTGTGCTGC TATTATTGCCATATTGGTGACTTGTGCTGC	9710	4	0.9909638554216867	GTCATTCACTGTACTCTGTTTAACACCAGT GTCTTTCACTATACTCTGTCTGGCACCAGC GTCTTTCACTATACTCTGTCTGGCACCTGC GTCTTTCACTATACTCTGTCTGGTACCAGC	3	0.9819277108433735	ATGTTGTAGCTGCTAATGCATTACTGTT TGGTGAGTACAACCATGTTGTTGCTGCA TGTTGTTGCCGCTAATGCATTGCTGTTT	{9676} {9662} {9677}
5.746148055426138	11473	11697	224	11473	5	0.9909638554216867	CTTATCTGGTTATCGGCTCAAAGACTGTGT CTTGTCTGGTTATAGGCTTAAGGATTGTGT CTTGTCTGGTTATCGGCTTAAGGACTGTGT TTTGTCTGGTTATCGGCTCAAGGACTGTGT TTTGTCTGGTTTCAAGCTAAAGGACTGTGT	11667	1	0.9909638554216867	TTTCTGTAACCTCTAACTATTCTGGTGTCG	1	0.9728915662650602	CACTGATGAATGTCATTACACTTGTTTA	{11583}
5.748995040691432	18642	18819	177	18642	3	0.9909638554216867	CAGAATTCACCAGAGTTAATGCAAAACCTC CAGAGTTCACTAGAGTCAATGCAAAACCTC CGGAGTTCACTAGAGTTAATGCAAAACCTC	18789	3	0.9909638554216867	GAGTCGTGTTCGTCCTTTGGGCGCATGGCT GAGTCGTGTTTGTCCTTTGGGCGCATGGCT GAGTTGTGTTTGTCCTCTGGGCACATGGCT	2	0.9969879518072289	CAAATGCTCAGTGACACGCTGAAAGGAT TCAGTGATACACTGAAAGGATTGTCAGA	{18752} {18759}
5.753872931341441	787	1015	228	787	2	0.9909638554216867	TATGAACAAAACTGGAACACTAAGCATGGC TATGAACAACAATGGAACACTAAGCATGGC	985	4	0.9909638554216867	CAGTCTAAGAGAGGTGTGTACTGTTGCCGT GAATCGAAGAGAGGCGTCTACTGCTGCCGT GAATCGAAGCGTGGTGTCTATTGCTGCCGT GAGTCGAAGAGAGGTGTCTACTGCTGCCGT	1	0.9849397590361446	TGGAGGTGCAGTCACTCGCTATGTCGAC	{852}
5.754428507007025	19988	20167	179	19988	3	0.9909638554216867	AATGTAGCGTTTGAGCTTTGGGCTAAACGT AATGTGGCGTTTGAGCTTTGGGCCAAGCGT AATGTTGCATTTGAGCTTTGGGCTAAGCGT	20137	3	0.9939759036144579	CTGCACAATGACCGACATTGCTAAGAAACC CTGCACAATGACTGACATTGCCAAGAAACC CTGTACAATGACTGACATTGCAAAGAAACC	2	0.9879518072289156	AACATCAAGCCAGTGCCAGAGATTAAGA CCCCAGCGCATGTTTCTACAATAGGTGT	{20018} {20109}
5.765122044777588	26297	26531	234	26297	5	0.9909638554216867	AAAGTGGGAGTCTGGTGTTAAGGACTGTGT GAATTGGCACTCAGGTGTTAAAGACTATGT GGATAGGCACTCAGGTGTTAAAGACTATGT GGATTGGCATTCAGGTGTAAAGGACTATGT GGATTGGCATTCAGGTGTTAAAGACTATGT	26501	1	0.9909638554216867	AATGGATCCAATTTATGATGAGCCGACGAC	1	0.9879518072289156	AAATGCTACATTCTTCATCTTTAACAAG	{26402}
5.766959109049143	735	970	235	735	1	0.9909638554216867	TCTAAAGTCTTATGACTTAGGTGACGAGCT	940	5	0.9909638554216867	GCCGGCAAATCTTGTGCTCCACTCTCTGAC GCGGGCAAATCGATGTGCACTCTTTCTGAA GCGGGCAAGTCAATGTGCACTCTTTCCGAA GCGGGTAAGTCGATGTGCACTCTTTCCGAA GCGGGTAAGTCTATGTGCACTCTTTCTGAA	1	0.9849397590361446	TCCCATTGAAGATTATGAACAAAACTGG	{774}
5.770197268051915	18135	18320	185	18135	3	0.9909638554216867	GGCCATCACAAGAGCAAAAATTGGCATTTT GGCCATTACAAGAGCAAAGATTGGCATCTT GGCTATCACAAGGGCAAAAATTGGCATTTT	18290	3	0.9909638554216867	ATCATAACTGGTCTTCATCCTACACAAGCA ATCATTACCGGTCTTCATCCAACACAGGCA ATCATTACTGGTCTTCATCCTACACAGGCA	2	0.9939759036144579	ACAAGTCTAGAAATACCACGTCGCAATG CAAGCTGCAATTTACGAGTCTAGAAGTA	{18208} {18195}
5.775989758004454	10237	10387	150	10237	2	0.9909638554216867	GCAGAGTGGTTTTAGAAGAATGGCATTCCC GCAGAGTGGTTTTAGGAAAATGGCATTCCC	10357	4	0.9909638554216867	AAGACATGTCATTTGCACAGCAGAAGACAT AAGACATGTCATTTGCACGGCAGAAGACAT AAGACATGTTGTTTGCACGGCTGAAGACAT ACGACATGTGATCTGCACTTCTGAAGACAT	3	0.9849397590361446	CTGTGGAACTACAACCTTAAATGGTTTG GGTACAAGTGACCTGTGGAACTACAACT GTCTGGTAAGGTTGAAGGGTGCATGGTT	{10303} {10291} {10267}
5.7778	5853	6041	188	5853	2	0.9909638554216867	TTTTGTTATGATGTCAGCACCACCGTCTGA TTTTGTTATGATGTCTGCACCACCTGCTGA	6011	4	0.9909638554216867	CCTCTGAGTACAAAGGTTCTATTACAGATG TGTCAGAATATAAAGGACCAGTGACTGATG TGTCAGAGTACAAAGGACCAGTGACTGATG TGTCAGAGTATAAGGGACCAGTGACTGATG	2	0.9849397590361446	CAGTGTGGTCATTATACTCATATAACTG TATCAGTGTGGACATTACACTCACATAA	{5938} {5935}
5.782770128054922	18809	18999	190	18809	3	0.9969879518072289	GCACATGGCTTTGAACTCACATCGATGAAG GCGCATGGCTTTGAGCTTACATCAATGAAG GCTCATGGCTTTGAACTTACATCAATGAAG	18969	3	0.9909638554216867	TTATGATTGATGTCCAGCAATGGGGCCTTA TTATGATTGATGTCCAGCAGTGGGGTTTTA TTATGATTGATGTTCAGCAGTGGGGCTTTA	2	0.9939759036144579	CTTCTCTACTTCATCTGACACTTATGCC TCATCAGATACTTATGCCTGCTGGAATC	{18898} {18908}
5.80000063353398	10756	10913	157	10756	3	0.9939759036144579	CGCTGGCACCGACTTAGAAGGTAAATTCTA CGCTGGTACTGACTTAGAAGGTAAATTCTA TGCTGGCACAGACTTAGAAGGTACCTTCTA	10883	3	0.9909638554216867	GGAGATAGATGGTTCCTTAATAGGTTTACC GGTGATAGGTGGTTCCTAAATAGGTTTACC GGTGATAGGTGGTTTCTTAATAGATTCACC	3	0.9909638554216867	GACAGACAAACTGCACAGGCTGCAGGTA TGGTCCTTTTGTAGATAGACAGACTGCA TTTGTAGACAGACAAACCGCACAGGCTG	{10799} {10786} {10793}
5.81107380995394	9665	9867	202	9665	2	0.9909638554216867	TGAATACAACCATGTTGTTGCTGCCAATGC TGAGTACAACCATGTTGTTGCTGCTAATGC	9837	4	0.9909638554216867	GGTTATGTTCACACCCTTAGTGCCTTTCTG TGCCATGTTTTCTCCAATCGTGCCTTTCTG TGCCATGTTTTCTCCTATTGTGCCTTTTTG TGCTATGTTTTCTCCCATTGTGCCTTTCTG	2	0.9789156626506024	ATTACTGTTTTTGATGTCTTTCACTATA GCTTACAGCTTTCTGCCGGGAGTCTACT	{9695} {9738}
5.846094263681199	15641	15813	172	15641	1	0.9909638554216867	TGAGATGGTCATGTGTGGCGGCTCACTATA	15783	5	0.9909638554216867	GGCAATAAGATTGCCGACAAGTACGTCCGC GGTAACAAGATAGCTGACAAGTACGTCCGC GGTAACAAGATTGCTGACAAGTACGTTCGC GGTAATAAGATAGCTGACAAGTATGTCCGC GGTAATAAGATTGCTGATAAGTACGTCCGC	3	0.9909638554216867	AGGTGGCACATCGTCCGGTGACGCCACG CAGGTGGAACATCATCCGGTGATGCTAC TGTCAAGCGGTGACAGCTAATGTAAATG	{15680} {15679} {15738}
5.847322592664184	21256	21475	219	21256	5	0.9909638554216867	GGGACCTCATCATTAGCGATATGTACGATC GGGACCTTATTATTAGCGATATGTATGACC GGGATCTCATTATTAGCGATATGTATGACC GGGATCTCATTATTAGTGACATGTATGACC GGGATCTCATTGTTAGCGATATGTACGATC	21445	1	0.9909638554216867	TCTCATGGTGGACAGCTTTTGTTACAAATG	2	0.9849397590361446	CAAACATGTGACAAAAGAGAATGACTCA GAAGGGTTTTTCACTTATCTGTGTGGAT	{21293} {21324}
5.848943765448655	4428	4601	173	4428	4	0.9909638554216867	CGGACAAGGATGTGCTGGTTATACACTCGA CGGTCAAGGTTGTGCTGGTTATACACTTGA TGGACAAGGATGTGCTGGTTATACACTTGA TGGTCAGGGTTTAAATGGTTACACTGTAGA	4571	2	0.9909638554216867	ATGCTTGCTCATGCAGAGGAGACAAGAAAA ATGCTTGCTCATGCTGAAGAGACAAGAAAA	3	0.9849397590361446	ACTGCTCTTAAAAAATGCAAATCTGCAC CTTAAGAAATGCAAATCTGCATTTTATG TGCATTCTATGTATTACCTTCAAAAACA	{4469} {4475} {4492}
5.849332422683972	10287	10507	220	10287	3	0.9909638554216867	GCATGGTACAAGTAACCTGTGGAACTACAA GCATGGTTCAAGTCACTTGTGGAACCACAA GTATGGTACAAGTCACCTGTGGAACTACAA	10477	3	0.9909638554216867	CCATTCCATGCAAAACTGTTTACTTAGGCT CCATTCCATGCAAAATTGTCTGCTTAGGCT CCATTCTATGCAAAATTGTCTGCTTAGGCT	2	0.9879518072289156	CCAAGACATGTCATTTGCACAGCAGAGG TACTGCCCAAGACATGTTGTTTGCACGG	{10355} {10349}
5.863059093787734	19097	19324	227	19097	2	0.9939759036144579	CATGAGTGCTTCGTTAAGCGCGTCGATTGG CATGAGTGCTTTGTTAAGCGCGTTGATTGG	19294	4	0.9939759036144579	GAAATTCTACGACGCTCAGCCTTGCAGTGA GAAGTTCTACGATGCTCAGCCATGCAGTGA GAAGTTCTACGATGCTCAGCCATGTAGTGA GAAGTTCTATGATGCTCAGCCATGCAGTGA	2	0.9909638554216867	GATTAATTCCGCTTGCAGAAAAGTACAG TCTGTTGAATACCCGATTATTGGAGATG	{19162} {19127}
5.870646828807646	12543	12774	231	12543	3	1.0	GCAATGCAAACGATGCTTTTCACTATGCTT GCAATGCAGACAATGCTTTTCACTATGCTT GCTATGCAAACAATGCTCTTCACTATGCTT	12744	3	0.9909638554216867	CTATGGGAGATCCAGCAAGTTGTTGACGCA CTCTGGGAAATCCAGCAAGTTGTTGATGCG CTCTGGGAAATTCAGCAAGTTGTTGATGCA	2	0.9939759036144579	ACTCATGGTTGTTGTCCCTGATTATGGT TCCCTGACTATGGAACCTACAAGAACAC	{12668} {12682}
5.872516028494806	26919	27151	232	26919	4	0.9909638554216867	GGAACTTTAACATTGCTTATCATGGCAGAC GGAACTTTAACATTGCTTATCATGGCTGAG GGAACTTTAACATTGCTTGTCATGGCAGAG GGAACTTTAATTTTAGCCATGTCAGGTGAC	27121	2	0.9939759036144579	TTGCTTGCTTTGTGCTTGCTGCTGTTTACA TTGCTTGTTTTGTGCTTGCTGCTGTCTACA	2	0.9879518072289156	ACTGTTGAGGAGCTTAAACAACTCCTGG GATTATGTTACTACAATTTGCCTATTCT	{26961} {27029}
5.873509836406473	30423	30605	182	30423	5	0.9909638554216867	CATCCAAAAAGCCTCGCCAAAAACGTACGG CATCGAAGAAGCCTCGCCAAAAACGTACTG CATCTAAAAAGCCTCGCCAAAAACGTACTG CATCTAAAAAGCCTCGGCAAAAACGTACCG CTTCTAAGAAGCCCAGACAAAAACGAACGG	30575	1	0.9939759036144579	GCACAATTTGCTCCAAGTGCCTCTGCATTC	3	0.9879518072289156	ACAGTACAATGTCACCCAAGCTTTTGGG CTACAAAACAGTACAATGTCACTCAAGC GTACAACGTCACTCAAGCATTTGGGCGA	{30460} {30453} {30463}
5.878822420167964	9116	9207	91	9116	2	0.9909638554216867	CAGTGCTGTTGGCAATATTTGCTACACACC TAGTGCTGTTGGCAACATTTGCTACACACC	9177	5	0.9909638554216867	ACATCGGCATGCGTTTTAGCTGCTGAATGT ACCTCTGCTTGCGTTCTTGCTGCTGAGTGT ACTTCTGCTTGCGTCTTAGCAGCTGAGTGT ACTTCTGCTTGCGTCTTGGCTGCGGAATGT ACTTCTGCTTGCGTTTTGGCTGCTGAATGT	1	0.9879518072289156	TCCAAACTCATTGAGTATAGTGATTTTG	{9147}
5.879885705661207	18583	18819	236	18583	3	0.9939759036144579	TTCAACAGGTGTTAACCTAGTAGCTGTACC TTCAACAGGTGTTAACCTAGTGGCCGTACC TTCTACAGGTGTTAACTTAGTAGCTGTACC	18789	3	0.9909638554216867	GAGTCGTGTTCGTCCTTTGGGCGCATGGCT GAGTCGTGTTTGTCCTTTGGGCGCATGGCT GAGTTGTGTTTGTCCTCTGGGCACATGGCT	2	0.9879518072289156	ACTGGCTATGTTGACACTGAAAATAATA AGCACAGAATTCACCAGAGTTAATGCGA	{18614} {18638}
5.883507968360733	10660	10898	238	10660	2	0.9939759036144579	CCTCAATGGGTCATGTGGTAGTGTTGGTTT CCTTAATGGATCATGTGGTAGTGTTGGTTT	10868	4	0.9909638554216867	GCTGCCGTTATTAATGGAGAAAGATGGTTT GCTGCTGTTATCAATGGTGATAGGTGGTTT GCTGCTGTTATTAATGGAGATAGATGGTTC GCTGCTGTTATTAATGGTGACAGGTGGTTC	2	0.9849397590361446	ATTGCGTGTCTTTCTGCTATATGCATCA TCCAACTGGAGTACACGCTGGTACTGAC	{10704} {10741}
5.887089758004453	17057	17297	240	17057	2	0.9939759036144579	ACTACGGTGACGCTGTTGTGTACAGAGGTA ACTATGGTGATGCTGTTGTGTACAGAGGTA	17267	4	0.9909638554216867	TGCAAAAATACTCAACACTCCAGGGACCAC TGCAAAAATACTCTACACTTCAAGGACCAC TGCAAAAGTACTCTACACTCCAAGGACCAC TGCAGAAGTACTCTACACTCCAGGGACCAC	2	0.9819277108433735	CTACAACATATAAATTGAATGTTGGTGA CTCACACTGTGATGCCACTTAGTGCACC	{17087} {17132}
5.888865756109888	9386	9627	241	9386	4	0.9909638554216867	TGATGCAGAGTACTGCCGTCATGGCACATG TGATGCGGAGTACTGTAGGCATGGTACTTG TGATGCTGAGTACTGTAGACATGGTACATG TGATGCTGAGTATTGCAGACATGGTACTTG	9597	2	0.9909638554216867	GGTGGTATTATCGCCATACTGGTGACTTGT GGTGGTATTATTGCCATATTGGTGACTTGT	2	0.9909638554216867	TCTGTGGTGTTGATGCGATGAATCTCAT TTCTGTGGTGTCGATGCTATGAACCTCA	{9502} {9501}
5.8889	7751	7875	124	7751	3	0.9909638554216867	CGTCTATGCAAATGGAGGTCGTGGCTTCTG TGTCTATGCAAATGGAGGCCGTGGCTTCTG TGTCTATGCTAATGGAGGACGAGGCTTCTG	7845	3	0.9909638554216867	GACGAAGTAGCTCGTGATTTGTCACTCCAG GACGAAGTTGCTAGAGACTTATCACTACAG GATGAAGTTGCTCGTGATTTGTCACTCCAG	5	0.9909638554216867	CAAGACGCACAATTGGAATTGTCTCAAT CAAGACTCACAATTGGAATTGTTTCAAT TAAGACTCACAATTGGAATTGTCTAAAT TAAGGCTCACAATTGGAACTGTCTTAAT TAAGGCTCACAATTGGAATTGTCTCAAC	{7781} {7781} {7781} {7781} {7781}
5.892388504066714	5631	5874	243	5631	4	0.9909638554216867	AGAAACTATGACCCATCTTCTACAACATGC AGAAACTATGACCCATCTTCTACAGCATGC AGAAACTATGACCCATCTTTTACAGCATGC AGAAACTATGACTCATCTTTTACAGCACGC	5844	2	0.9909638554216867	AGAGTCACCTTTTGTTATGATGTCTGCACC AGAGTCTTCTTTTGTTATGATGTCTGCACC	2	0.9909638554216867	GGTACTCTATCTTATGATAATCTTAAGA TAATTTAGAGTCAGCTAAAAGAGTTCTT	{5758} {5661}
5.892388504066714	14753	14996	243	14753	4	0.9909638554216867	CAAGGAACTTTTAGTGTATGCTGCTGATCC TAAGGAACTTTTAGTGTACGCTGCTGATCC TAAGGAACTTTTAGTGTATGCCGCTGACCC TAAGGAACTTTTAGTGTATGCTGCCGACCC	14966	2	0.9909638554216867	CTTCTTCTTTGCTCAGGATGGCAACGCTGC TTTCTTTTTCGCTCAAGATGGTAATGCTGC	2	0.9879518072289156	CATGCATGCTGCCTCTGGCAATTTGTTG TATGCATGCAGCTTCTGGCAATTTATTG	{14786} {14786}
5.892388504066714	18313	18556	243	18313	3	0.9909638554216867	ACAGGCACCGACACACCTCAGTGTTGATAC ACAGGCACCTACACACCTCAGCGTTGATAT ACAGGCACCTACACATCTCAGTGTTGATAC	18526	3	0.9909638554216867	GGGCTGTCATGCAACTAGAGATGCTGTGGG GGGTTGTCATGCAACAAGGGATGCTGTGGG GGGTTGTCATGCTACTAGAGATGCTGTAGG	2	0.9879518072289156	CGAAGAAGCTATTCGTCACGTTCGTGCG CGCGAAGAGGCCATTCGTCACGTTCGTG	{18478} {18476}
5.892388504066714	19058	19301	243	19058	1	0.9909638554216867	GCTAGTTGTGATGCTATCATGACTAGATGT	19271	5	0.9909638554216867	GTACCGCAGGCTGACGTAGAATGGAAGTTC GTCCCACAGGCTGAAGTGGAATGGAAGTTC GTGCCGCAGGCTGAAGTAGACTGGAAATTC GTGCCGCAGGCTGAAGTGGATTGGAAGTTC GTGCCTCAGGCTGAAGTAGAATGGAAGTTC	2	0.9879518072289156	CTGCATTGCTTGCTGATAAATTTACAGT TTGAGCGCGTTGATTGGTCTGTTGAATA	{19206} {19110}
5.894135466635868	6326	6570	244	6326	3	0.9909638554216867	CAGACTTGAATGGCGATGTAGTGGCTATTG CCGACTTGAATGGAGATGTAGTGGCTATTG CTGACTTAAATGGTGATGTAGTGGCTATTG	6540	3	0.9909638554216867	CACACAAGGAATGGACAATCTTGCTTGTGA CACACAGGGAATGGATAATCTTGCCTGTGA CGCACAAGGAATGGAAACTCTTGCTTGTGA	2	0.9819277108433735	CTATAGACACTATTCAGCGAGTTTCAAG TTATAGACACTACTCCACGAGTTTCAAG	{6357} {6357}
5.894135466635868	13345	13589	244	13345	4	0.9909638554216867	CGTGAAGATGCTGTGCACACACACGGGTAC CGTGAAGATGCTGTGCACACACACTGGTAC TGTGAAGATGTTGTGTACACACACTGGTAC TGTGAAGATGTTGTGTACCCACACCGGTAC	13559	2	0.9909638554216867	AGAAACACAGTCTGTACCGTCTGCGGAATG AGGAATACAGTCTGTACCGTCTGCGGTATG	2	0.9849397590361446	AGGCAATCACGGTAACACCAGAAGCTAA GGACAGGCAATTACCGTAACACCCGAAG	{13380} {13376}
5.897601087828204	16813	17059	246	16813	4	0.9909638554216867	GCAAACACCTGTACTGAAAGGCTCAAGCTC GCCAACACCTGTACTGAGAGACTCAAACTC GCCAACACTTGTACAGAGAGACTCAAACTT GCCAACACTTGTACTGAGAGACTCAAGCTT	17029	2	0.9939759036144579	ATTGGAGAGTACACCTTTGAAAAAGGTGAC ATTGGAGAGTACACTTTTGAAAAGGGTGAC	2	0.9909638554216867	GGAGGTAGGAAAACCTAGACCACCACTG GGAGGTTGGAAAACCTAGACCACCATTG	{16947} {16947}
5.899319948987032	16944	17191	247	16944	3	0.9909638554216867	ATGGGAGGTAGGAAAACCAAGACCACCATT ATGGGAGGTTGGAAAACCTAGACCACCATT GTGGGAGGTAGGAAAACCTAGACCACCACT	17161	3	0.9969879518072289	ACACTAGTGCCACAGGAGCACTATGTGCGA ACACTAGTGCCTCAAGAGCACTATGTGAGA ACTCTAGTGCCACAAGAGCACTATGTGAGA	2	0.9819277108433735	CTACAACATATAAATTGAATGTTGGTGA CTCACACTGTGATGCCACTTAGTGCACC	{17087} {17132}
5.90102964284277	25300	25454	154	25300	4	0.9909638554216867	TACGACCCTCTGCAACCTGAGCTTGACTCG TATGACCCGCTCCAACCAGAGCTCGAGTCT TATGATCCTCTGCAACCTGAGCTTGACTCA TATGATCCTCTGCAGCCTGAACTTGACTCG	25424	2	0.9909638554216867	TTCAAAAAGAAATTGACCGCCTCAATGAGG TTCAAAAGGAGATTGACCGCCTCAATGAGG	4	0.9849397590361446	CTGATGTGGATCTTGGCGACATTTCACG CTGATGTTGATCTTGGCGATATTTCAGG GATGTTGATCTCGGCGACATTTCAGGTA TTCTGGCATTAATGCTTCCGTCGTCAAT	{25373} {25373} {25375} {25395}
5.902730266661922	943	1192	249	943	5	0.9909638554216867	GGCAAATCGATGTGCACTCTTTCTGAACAA GGCAAATCTTGTGCTCCACTCTCTGACCAA GGCAAGTCAATGTGCACTCTTTCCGAACAA GGTAAGTCGATGTGCACTCTTTCCGAACAA GGTAAGTCTATGTGCACTCTTTCTGAACAA	1162	1	0.9909638554216867	GTCAAAGTCATTCAACCACGTGTTGAAAAG	2	0.9819277108433735	CTTGATTACATCGAGTCGAAGAGAGGTG CTTGATTTCATTGAATCGAAGCGTGGTG	{973} {973}
5.952316373031191	25182	25398	216	25182	3	0.9909638554216867	TGGCACACACTGGTTTATAACACAAAGGAA TGGCACTTCTTGGTTCATCACACAGAGGAA TGGCACTTCTTGGTTTATTACACAGAGGAA	25368	3	0.9909638554216867	ATCACCAGATGTTGATCTTGGCGACATTTC ATCACCTGATGTTGATCTTGGCGACATTTC ATCACCTGATGTTGATCTTGGCGATATTTC	3	0.9879518072289156	AGCTTGACTCATTTAAAGAAGAGCTGGA ATAATTACAACAGACAATACATTTGTCT TTTTATTCACCACAGATAATCACAACAG	{25319} {25228} {25213}
5.952416373031192	30087	30186	99	30087	5	0.9909638554216867	CAAAAGATCACATTGGCACCCGCAATCCTA CCAAAGACCACATTGGCACCCGCAATCCTA CGAAAGATCACATCGGCACCCGCAATCCTA CGAAAGATCACATTGGCACCCGCAACCCTA CTAAAGACCACATTGGCACCCGCAACCCTA	30156	2	0.9939759036144579	CAACATTGCCAAAAGGCTTCTACGCAGAGG CAACATTGCCCAAAGGCTTCTACGCAGAAG	1	0.9819277108433735	ATTACAATGCTGCCACCGTGCTACAACT	{30117}
5.95436473040372	18050	18267	217	18050	4	0.9939759036144579	CATCACAGGGTTCTGAATATGACTATGTCA CCTCACAGGGTTCTGAGTATGACTATGTCA CTTCACAGGGCTCGGAGTATGACTATGTCA CTTCACAGGGTTCTGAGTATGACTACGTCA	18237	2	0.9969879518072289	GGCTACATTACAAGCAGAAAATGTAACTGG GGCTACTTTACAAGCAGAAAATGTGACTGG	3	1.0	CTTATGCATAATGTCTGACAGAGATCTT TATTCACACAAACCACTGAGACCGCACA TTTGTGCATAATGTCTGATAGAGATCTT	{18162} {18080} {18162}
5.960532422683972	681	781	100	681	2	0.9969879518072289	TCTTCTCCGTAAGAATGGTAATAAGGGAGC TCTTCTTCGTAAGAACGGTAATAAGGGAGC	751	5	0.9909638554216867	TTAGGCGACGAGCTTGGTACTGATCCTATT TTAGGTGACGAGCTTAACACTGATCCCATT TTAGGTGACGAGCTTGGCACTGATCCCATT TTAGGTGACGTGCTTAACACTGATCCCGTT TTAGGTGTCGAGCTGGGCACTGATCCCATC	1	0.9879518072289156	GCTATGGCATCGATCTAAAGTCTTATGA	{722}
5.974159093787734	19400	19627	227	19400	2	0.9939759036144579	GTTTTGGAACTGTAACGTCGATCGTTACCC GTTTTGGAATTGTAACGTTGATCGTTACCC	19597	4	0.9909638554216867	GACAGTCCCTGTGAGTCTCATGGCAAACAG GACAGTCCTTGTGAGTCTCATGGTAAACAG GATAGTCCTTGCGAGTCTCATGGCAAGCAG GATAGTCCTTGTGAGTCTCATGGCAAACAA	3	0.9789156626506024	ACACAAGAGTCTTGTCAAACTTGAACTT CCAGCTTTTGATAAGAGTGCATTTACAC GTTTGTAGGTTTGATACAAGAGTCTTAT	{19456} {19536} {19443}
5.976172931341441	9042	9144	102	9042	5	0.9909638554216867	ATAGTGCCTGGCTTACCAGGTACTGTGTTG ATAGTGCCTGGCTTACCGGGTACTGTGCTG ATAGTGCCTGGTTTACCTGGTACTGTTTTG ATCGTGCCTGGATTACCTGGTACTGTGTTA GTTGTGCCCGGTTTACCTGGCACAATATTA	9114	2	0.9909638554216867	TTCAGTGCTGTTGGCAATATTTGCTACACA TTTAGTGCTGTTGGCAACATTTGCTACACA	1	0.9849397590361446	AGAGCAATCAATGGTGACTTCTTGCATT	{9072}
5.983716028494807	7508	7611	103	7508	4	0.9909638554216867	TGCCAGTCATTTCATTAGCAATTCTTGGCT TGCTAGTCATTTCATCAGCAACTCATGGCT TGCTAGTCATTTCATCAGCAATTCTTGGCT TTCAACACATTTTGCTAGTGGTTCATGGCT	7581	3	0.9909638554216867	GCAATGGTTAGGATGTACATCTTCTTTGCT GCAATGGTTAGGATGTACATTTTCTTCGCT GCTATGGTCAGGATGTACATTTTCTTTGCT	1	0.9819277108433735	CATGTGGTTTATCATTAGTATTGTACAA	{7538}
6.0034885040667145	15641	15884	243	15641	1	0.9909638554216867	TGAGATGGTCATGTGTGGCGGCTCACTATA	15854	5	0.9909638554216867	GAGACGTTGATCATGAATTCGTGGATGAAT GAGACGTTGATCATGAATTTGTGGACGAAT GAGATGTGGATCATGAGTTCGTGGATGAAT GGGATGTAGATCATGAATTCGTGGATGAAT GGGATGTTGATCATGAATTCGTGGATGAGT	3	0.9879518072289156	ACATCGTCTGGTGATGCTACAACTGCTT CAGGTGGAACATCATCCGGTGATGCTAC TGTCAAGCGGTGACAGCTAATGTAAATG	{15687} {15679} {15738}
6.010419948987033	13986	14233	247	13986	2	0.9909638554216867	ACGTCAACGTCTAACTAAGTACACAATGGC ACGTCAGCGTCTAACTAAATACACAATGGC	14203	4	0.9909638554216867	AAAACTGTGCAATTCTGCGATGCTATGCGC AAGACTGTACAATTCTGCGATGCTATGCGT AAGACTGTACAATTCTGTGATGTCATGCGT AAGACTGTGCAATTCTGCGATGCCATGCGC	3	0.9879518072289156	AATCCTGACATCCTGCGCGTATATGCAA ATCCTGACATCTTACGCGTATATGCTAA TGATTTTGTAGAAAATCCTGATGTTCTA	{14143} {14144} {14130}
6.0255885273624	9581	9690	109	9581	5	0.9909638554216867	AGCTTCTGTAGTAGCGGGTGGTATCATTGC TGCATCTATTGTAGCAGGTGGTGTTGTAGC TGCTTCAGTAGTAGCAGGTGGTATTATTGC TGCTTCAGTAGTGGCTGGTGGTATTATTGC TGCTTCTGTAGTGGCGGGTGGTATTATTGC	9660	2	0.9909638554216867	TTTGGTGAATACAACCATGTTGTTGCTGCC TTTGGTGAGTACAACCATGTTGTTGCTGCT	1	0.9909638554216867	CATATTGGTGACTTGTGCTGCCTACTAC	{9611}
6.0255885273624	18721	18830	109	18721	4	0.9909638554216867	ACCCTGGAACATAGTGCGTATCAAGATAGT GCCCTGGAACGTGGTGCGTATTAAGATTGT GCCCTGGAATGTAGTGCGTATTAAGATAGT GCCCTGGAATGTTGTGCGTATTAAGATCGT	18800	3	0.9939759036144579	GTCCTCTGGGCACATGGCTTTGAACTCACA GTCCTTTGGGCACATGGCTTTGAACTTACA GTCCTTTGGGCGCATGGCTTTGAGCTTACA	1	0.9879518072289156	CTGAAAGGATTGTCAGACAGAGTCGTGT	{18770}
6.03327380995394	16340	16542	202	16340	3	0.9909638554216867	GCCACATGTTGGACATGTATTCCGTAATGC GTCACATGCTAGACATGTATTCTGTAATGC GTCACATGTTAGACATGTACTCTGTAATGC	16512	3	0.9939759036144579	ACCATTCCTATGTTGCAAGTGCTGCTATGA ACCATTCCTGTGCTGCAAGTGCTGCTATGA ACCTTTCCTTTGTTGCAAGTGCTGCTATGA	4	0.9879518072289156	ACAGACTTCGCTTCGTTGCGGCGCTTGT AGGCTGTAGGTGTTTGTGTATTGTGCAA CACAGACTTCGCTTCGTTGTGGCGCTTG CACTTCGTTGCGGCGCGTGCATTAGGAG	{16476} {16445} {16475} {16484}
6.037857335320482	28607	28703	96	28607	2	0.9909638554216867	CGTGCAAGATCAGTTTCACCAAAACTTTTC CGTGCGAGATCAGTTTCACCCAAACTGTTT	28673	5	0.9909638554216867	CCACTTTTCCTCATTGTTGCTGCATTAGTA CCACTTTTTCTCATTGTTGCTGCTCTAGTA CCGCTTTTTCTCATTGTTGCTGCTTTAGTA CCGCTTTTTCTCATTGTTGCTGTTCTAGTA CCTGTTTTCCTTATCGTTGCAGCTATAGTG	2	0.9879518072289156	GACAAGAGGAAGTTCACCAAGAGCTCTA TCAGACAAGAGGAGGTTCAACAAGAGCT	{28641} {28638}
6.087272931341441	6468	6570	102	6468	4	0.9909638554216867	GTGCATACGTTGTCTTTGGAGTACAAAACC GTGTTTACGTTGTCTGTGGAGTACAAAACC GTGTTTACGTTGTCTTTGGAGTACAAAGCC GTGTTTGCGTTGTCTTTATAGCACTAAACC	6540	3	0.9909638554216867	CACACAAGGAATGGACAATCTTGCTTGTGA CACACAGGGAATGGATAATCTTGCCTGTGA CGCACAAGGAATGGAAACTCTTGCTTGTGA	2	0.9819277108433735	GGTTGATACTTCAAACTCCTTTGAAGTC TCAAATTCATTTGAAGTTCTGGCAGTAG	{6498} {6508}
6.087272931341441	11556	11658	102	11556	4	0.9909638554216867	ATGATGATAGTGCTAGAAGAGTTTGGACAC ATGATGATGCTGCTAGACGTGTGTGGACAT ATGATGATGCTGCTAGACGTGTTTGGACAC ATGATGATGCTGCTAGGCGTGTATGGACAT	11628	3	0.9909638554216867	ATGCTTTAGATCAAGCTATTTCCATGTGGG ATTCCTTAGATCAAGCTATTTCCATGTGGG ATTCTTTAGACCAAGCTATTTCCATGTGGG	2	0.9849397590361446	TGATGAATGTCATCACACTTGTTTATAA TGATGAATGTTATCACACTCGTTTATAA	{11586} {11586}
6.087272931341441	13345	13447	102	13345	4	0.9909638554216867	CGTGAAGATGCTGTGCACACACACGGGTAC CGTGAAGATGCTGTGCACACACACTGGTAC TGTGAAGATGTTGTGTACACACACTGGTAC TGTGAAGATGTTGTGTACCCACACCGGTAC	13417	3	0.9909638554216867	AGAATCATTTGGTGGTGCTTCATGCTGCCT AGAGTCCTTTGGTGGTGCTTCATGCTGTCT AGAGTCCTTTGGTGGTGCTTCATGTTGTCT	2	0.9849397590361446	AGGCAATCACGGTAACACCAGAAGCTAA GGACAGGCAATTACCGTAACACCCGAAG	{13380} {13376}
6.109389758004454	13784	13889	105	13784	3	0.9909638554216867	TCCTAAAAACTAATTGCTGCCGATTCCAGG TCCTAAAAACTAATTGCTGTCGCTTCCAGG TCCTAAAGACTAATTGCTGCCGCTTCCAAG	13859	4	0.9939759036144579	AGAGACACACGATGTCCAACTACCAACATG AGAGACATACTATGTCCAACTACCAGCATG AGAGGCACACAATGTCCAACTACCAACATG AGAGGCATACTATGTCTAACTACCAACATG	2	0.9909638554216867	AGAAGGATGAAGAAGGCAATTTAATAGA AGAAGGATGAGGAAGGCAATTTATTAGA	{13814} {13814}
6.114588504066714	15739	15982	243	15739	3	0.9939759036144579	GTCAAGCAGTAACAGCTAATGTAAATGCAC GTCAAGCGGTGACAGCTAATGTAAATGCAC GTCAAGCTGTTACAGCCAATGTAAATGCAC	15952	3	0.9909638554216867	AGCAACTATGCAGCACAAGGTCTAGTGGCT AGTAACTATGCGGCTCAAGGTTTAGTAGCT AGTAATTACGCGGCACAGGGTCTAGTAGCT	4	0.9909638554216867	GATCATGAGTTCGTGGATGAATTTTATG GTACGTTCGCAACCTCCAACACAGGCTA TCCTTTCAACTGATGGTAACAAGATAGC TGTTGATCATGAATTCGTGGATGAGTTT	{15862} {15803} {15769} {15858}
6.121064373321449	9116	9242	126	9116	2	0.9909638554216867	CAGTGCTGTTGGCAATATTTGCTACACACC TAGTGCTGTTGGCAACATTTGCTACACACC	9212	5	0.9909638554216867	CTTTAAAGATGCTTCTGGTAAACCAGTACC CTTTAAGGATGCTATGGGTAAGCCTGTGCC TTTCAAAGATGCTATGGGTAAGCCTGTGCC TTTTAAGGATGCTATGGGCAAACCTGTGCC TTTTAAGGATGCTATGGGTAAGCCTGTGCC	1	0.9879518072289156	TCCAAACTCATTGAGTATAGTGATTTTG	{9147}
6.166289493487165	20439	20575	136	20439	3	0.9909638554216867	GGACTTCAAACCCAGATCAAAAATGGAGAC GGATTTCAAGCCCAGGTCACAAATGGAGAC GGATTTTAAGCCCAGATCACAAATGGAAAC	20545	4	0.9909638554216867	TATGGAGACTTTAGTCATGGACAGCTTGGT TATGGAGATTTCAGTCATGGACAACTTGGC TATGGAGATTTCAGTCATGGCCAACTTGGT TATGGAGATTTTAGTCATGGACAACTTGGC	1	0.9939759036144579	CTCGAGCTCGCTATGGATGAATTCATAC	{20476}
6.17371812834518	6011	6126	115	6011	4	0.9909638554216867	CCTCTGAGTACAAAGGTTCTATTACAGATG TGTCAGAATATAAAGGACCAGTGACTGATG TGTCAGAGTACAAAGGACCAGTGACTGATG TGTCAGAGTATAAGGGACCAGTGACTGATG	6096	3	0.9909638554216867	CGATGGAGTTACTTACACAGAGATTGAACC CGATGGAGTTATTTACACAGAGATTCAACC GGATGGTGTTGTTTGTACAGAAATTGATCC	2	0.9909638554216867	AAGGAAACCTCCTACACTACAGCTATCA GAAACATCTTACACTACAACCATCAAGC	{6049} {6052}
6.174616373031192	28538	28637	99	28538	5	0.9909638554216867	GCACTAACTTGCACTAGCACACACTTTGCT GCACTAACTTGCACTAGCACACATTTTGCT GCACTAACTTGCACTAGCACTCGCTTTGCT GCACTGACTTGCTTTAGCACTCAATTTGCT GCTGTCACTTGTACAACTACAAAGTTTAGC	28607	2	0.9909638554216867	CGTGCAAGATCAGTTTCACCAAAACTTTTC CGTGCGAGATCAGTTTCACCCAAACTGTTT	3	0.9849397590361446	GCTGACGGTACTCGACATACCTATCAGC TGTGCTGACGGTACTAGACATACCTACC TTTGCTTGTGCTGACGGTACTCGACACA	{28577} {28574} {28568}
6.205916028494807	30276	30422	146	30276	5	0.9909638554216867	ATTCTCCTGCTCGAATGGCTAGCGGAGGTG ATTCTCCTGCTCGATTGGCTAGCGGAGGCG CTTCTCCTGCTAGAATGGCTGGCAATGGCG CTTCTCCTGCTCGAATTGCTAGTGGAGGTG GTTCTCCTGCTCGATTGGCTAGCGGAGGTG	30392	2	0.9939759036144579	CAAACTGTCACTAAGAAATCTGCTGCTGAG CAAACTGTCACTAAGAAATCTGCTTCAGAG	1	0.9879518072289156	GTGAAACTGCCCTCGCGCTATTGCTGTT	{30306}
6.2223	9540	9632	92	9540	5	0.9909638554216867	TTCACACCTCTTGTTCAACCTGTCGGTGCT TTCACGCCATTAATTCAACCTATTGGTGCT TTTACACCTCTTGTTCAACCTGTTGGTGCT TTTACTCCCCTTGTGCAACCTGTGGGTGCT TTTACTCCTCTTGTGCAACCTGTGGGTGCT	9602	2	0.9909638554216867	TATTATCGCCATACTGGTGACTTGTGCTGC TATTATTGCCATATTGGTGACTTGTGCTGC	4	0.9909638554216867	ATGTATCAGCTTCTGTAGTAGCGGGTGG TAGATGTATCTGCTTCTGTAGTGGCGGG TAGATGTGTCTGCTTCAGTAGTAGCAGG TAGATGTGTCTGCTTCAGTAGTGGCTGG	{9574} {9571} {9571} {9571}
6.2344296428427715	7581	7735	154	7581	3	0.9909638554216867	GCAATGGTTAGGATGTACATCTTCTTTGCT GCAATGGTTAGGATGTACATTTTCTTCGCT GCTATGGTCAGGATGTACATTTTCTTTGCT	7705	4	0.9909638554216867	GAGTGGAATGCACTACCATAGTTAATGGCA GCGTTGAGTGTACAACTATTGTTAATGGCA GTGTTGAGTGCACAACCATAGTTAATGGCA GTGTTGAGTGTACAACTATTGTCAATGGCG	1	0.9909638554216867	GCTATGTTCATATCATGGATGGTTGCAC	{7633}
6.241178667660241	7775	7931	156	7775	2	0.9909638554216867	CTTCTGCAAGACTCACAATTGGAATTGTCT CTTCTGTAAGGCTCACAATTGGAATTGTCT	7901	5	0.9909638554216867	CCAGTCATCGTATATTGTTGATAGTGTTGC CCAGTCCTCGTATGTCGTTGATAGTGTTGC CCAGTCGTCTTACACTGTTGATAGTGTGAC CCAGTCTGCATATGTCGTGGATAGCGTTAC CCAGTCTTCTTATGTTGTTGATAGTGTTGC	1	0.9909638554216867	CTCGTGATTTGTCACTCCAGTTTAAAAG	{7855}
6.260057335320481	9496	9628	132	9496	5	0.9909638554216867	GAGTATTCTGTGGTGTTGATGCAATGAATC GAGTCTTTTGTGGTGTTGATGCCATGAATC GAGTTTTCTGTGGAGTCGATGCTATGAATC GAGTTTTCTGTGGTGTCGATGCTATGAACC GAGTTTTCTGTGGTGTTGATGCGATGAATC	9598	2	0.9909638554216867	GTGGTATTATCGCCATACTGGTGACTTGTG GTGGTATTATTGCCATATTGGTGACTTGTG	2	0.9849397590361446	ATAGCTAACATCTTCACACCTCTTGTTC TTACTCCTCTTGTGCAACCTGTGGGTGC	{9528} {9541}
6.2731435130281845	7856	7991	135	7856	3	0.9909638554216867	ACGCGACTTGTCTGTCCAATTTAAGAGACC TCATGACTTGTCACTCCAGTTTAAGAGACC TCGTGATTTGTCACTCCAGTTTAAAAGACC	7961	4	0.9909638554216867	TGACAAGGCTGGTCAAAAGACCTATGAGAG TGACAAGGCTGGTCAAAAGACTTACGAGAG TGATAAGGCTGGTCAAAAGACTTATGAGAG TGATAAGGCTGGTCAGAAGACTTACGAGAG	2	0.9849397590361446	ATTAATCCTACTGACCAGTCTGCATATG TATATTGTTGATAGTGTTGCTGTGAAAA	{7887} {7911}
6.301748055426138	18583	18725	142	18583	3	0.9939759036144579	TTCAACAGGTGTTAACCTAGTAGCTGTACC TTCAACAGGTGTTAACCTAGTGGCCGTACC TTCTACAGGTGTTAACTTAGTAGCTGTACC	18695	4	0.9909638554216867	CTTATACCACTAATGTACAAGGGCTTGCCC CTTATACCACTCATGTACAAAGGCTTGCCT CTTATACCACTCATGTATAAAGGCTTGCCC CTTATACCACTTATGTACAAAGGTTTGCCC	2	0.9909638554216867	AGAGTTAATGCAAAACCTCCACCAGGTG CACTGGCTATGTTGACACTGAGAATAAT	{18653} {18613}
6.307323285568202	681	859	178	681	2	0.9969879518072289	TCTTCTCCGTAAGAATGGTAATAAGGGAGC TCTTCTTCGTAAGAACGGTAATAAGGGAGC	829	5	0.9909638554216867	CGCGAACTCATTCGTGAGCTCAACGGAGGT CGTGAACTCAAGCGTGAGCTTAACGGAGGT CGTGAACTCACTCGTGAGCTCAATGGAGGT CGTGAACTCATCCGTGAGCTCAATGGAGGT CGTGAACTCATTCGTGAGCTTAATGGAGGT	1	0.9879518072289156	GCTATGGCATCGATCTAAAGTCTTATGA	{722}
6.309472931341441	10363	10507	144	10363	4	0.9909638554216867	TGTCATTTGCACAGCAGAAGACATGCTTAA TGTCATTTGCACGGCGGAAGACATGCTCAA TGTGATCTGCACTTCTGAAGACATGCTCAA TGTTGTTTGCACGGCTGAAGACATGCTTAA	10477	3	0.9909638554216867	CCATTCCATGCAAAACTGTTTACTTAGGCT CCATTCCATGCAAAATTGTCTGCTTAGGCT CCATTCTATGCAAAATTGTCTGCTTAGGCT	2	0.9879518072289156	CAACCATAGCTTTCTTGTTCAGGCTGGC GTTCAAGCTGGTAATGTCCAACTTCGTG	{10426} {10442}
6.310028507007026	13862	14041	179	13862	4	0.9939759036144579	GACACACGATGTCCAACTACCAACATGAAG GACATACTATGTCCAACTACCAGCATGAAG GGCACACAATGTCCAACTACCAACATGAAG GGCATACTATGTCTAACTACCAACATGAAG	14011	3	0.9909638554216867	ATGGCAGACTTAGTCTATGCTCTACGTCAT ATGGCCGACTTAGTCTATGCCCTTCGTCAT ATGGCTGATTTAGTCTATGCTCTACGTCAT	1	0.9939759036144579	GTCCATGACTTTTTCAAGTTTAGAGTAG	{13933}
6.312711090344213	18493	18613	120	18493	4	0.9939759036144579	TCACGTTCGTGCATGGATAGGCTTTGATGT TCACGTTCGTGCATGGATTGGCTTCGACGT TCACGTTCGTGCGTGGATTGGCTTTGATGT TCACGTTCGTGCGTGGATTGGCTTTGCCGT	18583	3	0.9939759036144579	TTCAACAGGTGTTAACCTAGTAGCTGTACC TTCAACAGGTGTTAACCTAGTGGCCGTACC TTCTACAGGTGTTAACTTAGTAGCTGTACC	3	0.9939759036144579	AGAGATGCTGTAGGAACAAATCTACCGC GATGCTGTGGGTACTAACCTACCTCTCC TGTCATGCAACAAGGGATGCTGTGGGAA	{18542} {18545} {18530}
6.320626723086379	787	970	183	787	2	0.9909638554216867	TATGAACAAAACTGGAACACTAAGCATGGC TATGAACAACAATGGAACACTAAGCATGGC	940	5	0.9909638554216867	GCCGGCAAATCTTGTGCTCCACTCTCTGAC GCGGGCAAATCGATGTGCACTCTTTCTGAA GCGGGCAAGTCAATGTGCACTCTTTCCGAA GCGGGTAAGTCGATGTGCACTCTTTCCGAA GCGGGTAAGTCTATGTGCACTCTTTCTGAA	1	0.9849397590361446	TGGAGGTGCAGTCACTCGCTATGTCGAC	{852}
6.320626723086379	9116	9299	183	9116	2	0.9909638554216867	CAGTGCTGTTGGCAATATTTGCTACACACC TAGTGCTGTTGGCAACATTTGCTACACACC	9269	5	0.9909638554216867	AGGTTCTATTTCTTACAGTGAACTCCGCCC GGGTTCTATTTCTTACAGTGAACTACGTCC GGGTTCTATTTCTTACAGTGAGCTGCGTCC GGGTTCTATTTCTTATAGTGAACTCCGTCC GGGTTCTATTTCTTATAGTGAGCTTCGTCC	1	0.9879518072289156	TCCAAACTCATTGAGTATAGTGATTTTG	{9147}
6.320722044777587	30085	30232	147	30085	4	0.9909638554216867	ACCAAAAGATCACATTGGCACCCGCAATCC ACCCAAAGACCACATTGGCACCCGCAATCC ACCGAAAGATCACATCGGCACCCGCAATCC ACCGAAAGATCACATTGGCACCCGCAACCC	30202	3	0.9909638554216867	TCAAGCCTCTTCTCGCTCCTCATCACGTAG TCAAGCCTCTTCTCGCTCTTCATCACGTAG TCAATCTTCATCTCGCTCCTCATCACGTAG	2	0.9849397590361446	ATTACAATGCTGCCACCGTGCTACAACT TCTACGCTGAAGGGAGCAGGAGTGGTAG	{30117} {30174}
6.322459109049142	19195	19430	235	19195	4	0.9909638554216867	GGTTGTAAAGTCTGCATTGCTTGCTGACAA GGTTGTGAAGTCTGCATTGCTTGCTGATAA GGTTGTGAAGTCTGCCCTCCTGGCTGATAA GGTTGTTAAATCTGCATTGCTTGCTGACAA	19400	2	0.9939759036144579	GTTTTGGAACTGTAACGTCGATCGTTACCC GTTTTGGAATTGTAACGTTGATCGTTACCC	6	0.9879518072289156	AGGAAACCCAAAGGCCATTAAATGTGTA ATCAAATGTGTCCCACAGGCTGAAGTGG ATTAGATGTGTGCCGCAGGCTGAAGTAG GAGGAGCTCTTCTATTCTTATGCTACAC TGGAAACCCAAAGGCCATTAGATGCGTG TGGAAGTCCAAAGGCTATTAAGTGTGTG	{19246} {19262} {19262} {19340} {19246} {19246}
6.328007968360733	1177	1326	149	1177	4	0.9909638554216867	CCAAGGGTTGAAAAGAAAAAGCTTGATGGT CCACGTGTTGAAAAGAAAAAGACTGAGGGT CCACGTGTTGACAAGAAAAAGACTGAAGGT CCGCGTGTTGAAAAGAAAAAGACTGAAGGT	1296	3	0.9909638554216867	TTGCGATGAAGTTTCATGGCAGACGTGCGA TTGTGATGAAGCTTCTTGGCAGACGTGTGA TTGTGATGAAGTTTCATGGCAGACGTGCGA	2	0.9849397590361446	CACTTGTCTACCTTGATGAAATGTAATC TCATGGGGCGTATACGCTCTGTGTACCA	{1267} {1208}
6.328007968360733	10477	10626	149	10477	3	0.9909638554216867	CCATTCCATGCAAAACTGTTTACTTAGGCT CCATTCCATGCAAAATTGTCTGCTTAGGCT CCATTCTATGCAAAATTGTCTGCTTAGGCT	10596	4	0.9939759036144579	ATGGTTCACCATCAGGAGTTTACCAGTGTG ATGGTTCACCATCAGGTGTTTATCAGTGTG ATGGTTCACCATCTGGTGTTTACCAGTGTG ATGGTTCACCATCTGGTGTTTATCAGTGTG	2	0.9849397590361446	ACCTGGTCAAACATTTTCAGTTCTAGCA CGTATCCAACCAGGTCAGACATTTTCGG	{10561} {10553}
6.333400000000001	8956	9144	188	8956	5	0.9909638554216867	CATGGTTTAGCCAGCGTGGTGGTTCATACA CATGGTTTAGCCAGCGTGGTGGTTCCTACA CTTGGTTTAGCCAACGCGGAGGATCCTATA CTTGGTTTAGCCAGCGTGGTGGTTCTTATA CTTGGTTTAGTCAGCGCGGTGGTAGCTATA	9114	2	0.9909638554216867	TTCAGTGCTGTTGGCAATATTTGCTACACA TTTAGTGCTGTTGGCAACATTTGCTACACA	1	0.9849397590361446	AGAGCAATCAATGGTGACTTCTTGCATT	{9072}
6.340826590941622	7670	7861	191	7670	4	0.9909638554216867	GTGCATGATGTGCTACAAGCGCAATCGTGC TTGCATGATGTGCTACAAACGCAATCGTGC TTGCATGATGTGCTATAAGCGCAATCGTGC TTGCATGATGTGCTATAAGTGCAATCATGC	7831	3	0.9909638554216867	GTACATTCATTAGTGATGAAGTTGCTCGTG GTACTTTCATTAGCGACGAAGTAGCTCGTG GTACTTTCATTAGCGATGAGGTTGCTCGTG	1	0.9819277108433735	TCTATGTCTATGCAAATGGAGGCCGTGG	{7747}
6.3480850181197175	9496	9690	194	9496	5	0.9909638554216867	GAGTATTCTGTGGTGTTGATGCAATGAATC GAGTCTTTTGTGGTGTTGATGCCATGAATC GAGTTTTCTGTGGAGTCGATGCTATGAATC GAGTTTTCTGTGGTGTCGATGCTATGAACC GAGTTTTCTGTGGTGTTGATGCGATGAATC	9660	2	0.9909638554216867	TTTGGTGAATACAACCATGTTGTTGCTGCC TTTGGTGAGTACAACCATGTTGTTGCTGCT	1	0.9879518072289156	ATTATTGCCATATTGGTGACTTGTGCTG	{9603}
6.352834243325826	18583	18779	196	18583	3	0.9939759036144579	TTCAACAGGTGTTAACCTAGTAGCTGTACC TTCAACAGGTGTTAACCTAGTGGCCGTACC TTCTACAGGTGTTAACTTAGTAGCTGTACC	18749	4	0.9909638554216867	GTACAAATGCTCAGTGACACGCTGAAGGGA GTACAAATGCTCAGTGATACACTGAAAGGA GTTCAAATGCTCAGTGACACACTGAAAGGA GTTCAAATGCTCAGTGATACGCTGAAAGGA	1	0.9789156626506024	ACTGGCTATGTTGACACTGAAAATAATA	{18614}
6.3575141342961095	17950	18079	129	17950	3	0.9909638554216867	CGCAACCCTGCTTGGAGAAAAGCTGTTTTC CGCAACCCTGTTTGGAGAAAAGCTGTTTTT CGCAATCCTGCTTGGAGAAAAGCTGTTTTT	18049	4	0.9939759036144579	TCATCACAGGGTTCTGAATATGACTATGTC TCCTCACAGGGTTCTGAGTATGACTATGTC TCTTCACAGGGCTCGGAGTATGACTATGTC TCTTCACAGGGTTCTGAGTATGACTACGTC	3	0.9849397590361446	CCATATAATTCACAGAATGCAGTGGCAT GCAGTAGCATCCAAAATTTTAGGATTGC GTAGCTTCAAAAATCTTAGGATTGCCTA	{17986} {18004} {18007}
6.359828706359163	8444	8643	199	8444	3	0.9909638554216867	ACAGGTGACAGTTGTAACAACTTTATGCTC ACAGGTGACAGTTGTAACAATTTCATGCTC ACAGGTGACAGTTGTAATAACTTCATGCTC	8613	4	0.9909638554216867	CCGAACAGCTGCGCAAGCAAATTCGCAGTG CTGAACAACTACGAAAACAAATACGCAGTG CTGAACAGCTGCGTAAACAAATTCGTAGTG CTGAACAGTTGCGCAAGCAAATTCGTAGTG	1	0.9879518072289156	GGCGCATGTATTGATTGTAATGCAAGGC	{8513}
6.368554591467449	6326	6487	161	6326	3	0.9909638554216867	CAGACTTGAATGGCGATGTAGTGGCTATTG CCGACTTGAATGGAGATGTAGTGGCTATTG CTGACTTAAATGGTGATGTAGTGGCTATTG	6457	4	0.9909638554216867	CCAAACACTTGGTGTTTACGTTGTCTTTGG CCAAACATCTGGTGTTTACGTTGTCTGTGG CCAAATATTTGGTGCATACGTTGTCTTTGG CCCAATATGTGGTGTTTGCGTTGTCTTTAT	2	0.9819277108433735	CTATAGACACTATTCAGCGAGTTTCAAG TTATAGACACTACTCCACGAGTTTCAAG	{6357} {6357}
6.374840417140111	8359	8522	163	8359	5	0.9909638554216867	ACGCCAAGGTGTCGTTGATACTGATGTCGA CCGACAAGGTGTTGTTGATACCGATGTTGA CCGTCAAGGTGTTGTAGACACTGATGTTGA CCGTCAAGGTGTTGTTGATACTGATGTTGA TCGCCAAGGGTTTGTTGATTCAGATGTAGA	8492	2	0.9909638554216867	AACATGACGCCCAGAGATCTTGGCGCATGT AACATGACGCCTAGAGATCTTGGTGCATGT	2	0.9849397590361446	AAAGGATGTCATTGAATGTCTCAAGCTT AAAGGATGTCATTGAGTGTCTCAAACTT	{8392} {8392}
6.379940537842753	1206	1414	208	1206	5	0.9909638554216867	ATTTATGGGTCGCATTCGTACTGTGTATCA TTTCATGGGGCGCATCCGCTCTGTGTACTC TTTCATGGGGCGCATTCGCTCTGTGTACCC TTTCATGGGGCGTATACGCTCTGTGTACCC TTTCATGGGTAGAATTCGATCTGTCTATCC	1384	2	0.9909638554216867	ACTACATGTGGGTACCTACCTACTAATGCT ACTACGTGTGGATACCTACCTGCTAATGCT	1	0.9789156626506024	GTGCGACTTTCTGAAAGCCACTTGTGAA	{1320}
6.384243513028185	25675	25885	210	25675	5	0.9909638554216867	GCCAGTGCTCAAAGGAGTCAAATTACATTA GCCAGTGCTCAAGGGAGTCAAACTACACTA GCCAGTGCTTAAAGGAGTCAAATTACACTA GCCAGTTCTCAAGGGTGTCAAATTACATTA GCCTGTGCTCAAAGGAGTCAAATTACACTA	25855	2	0.9909638554216867	GATGGCTTGTTATTGGCGTTGCATTTCTTG GATGGCTTGTTGTTGGCGTTGCACTTCTTG	1	0.9849397590361446	GCAAGTACTGTTCATGCTACAGCAACGA	{25800}
6.386373533078033	11983	12194	211	11983	3	0.9909638554216867	TAAATTGCTGGGCATTGGAGGAAAACCATG TAAATTGTTGGGCATTGGAGGTAAACCTTG TAAGTTGTTGGGTATTGGAGGTAAACCATG	12164	4	0.9909638554216867	AAGACACAACTGAAGCATTCGAAAAGATGG AAGACACAACTGAAGCCTTTGAAAAGATGG AAGACACAACTGAAGCTTTCGAGAAGATGG AGGACACTACTGAAGCTTTTGAAAAGATGG	1	0.9849397590361446	ATCTTCTAAATTGTGGGCACAGTGTGTA	{12108}
