cost	target-start	target-end	target-length	left-primer-start	left-primer-num-primers	left-primer-frac-bound	left-primer-target-sequences	right-primer-start	right-primer-num-primers	right-primer-frac-bound	right-primer-target-sequences	num-guides	total-frac-bound-by-guides	guide-target-sequences	guide-target-sequence-positions
2.948079969342407	29817	29954	137	29817	1	0.9909638554216867	GGTTCACAGCTCTCACTCAGCATGGCAAGG	29924	1	0.9909638554216867	CGAAGAGCTACCCGACGAGTTCGTGGTGGT	2	0.9909638554216867	AGGAACTTAGATTCCCTCGAGGCCAGGG GGACTCAAATTCCCTCAAGGCCAGGGAG	{29847} {29849}
2.997385737400775	30154	30341	187	30154	1	0.9969879518072289	AACAACATTGCCAAAAGGCTTCTACGCAGA	30311	1	0.9909638554216867	ACTGCCCTCGCGCTATTGCTGCTAGACAGA	1	0.9819277108433735	TGCTCGAATGGCTAGCGGAGGTGGTGAA	{30283}
3.0121837571683643	30743	30936	193	30743	1	0.9939759036144579	AAAACATTCCCACCAACAGAGCCTAAAAAG	30906	1	0.9909638554216867	CTGCTGATTCAACTCAGGCATAAACACTCA	1	0.9819277108433735	CAACTTCAAGATTCCATGAGTGGAGCTT	{30878}
3.0851590937877345	30743	30970	227	30743	1	0.9939759036144579	AAAACATTCCCACCAACAGAGCCTAAAAAG	30940	1	0.9939759036144579	GACCACACAAGGCAGATGGGCTATGTAAAC	1	0.9909638554216867	TCCATGAGTGGAGCTTCTGCTGATTCAA	{30890}
3.1793942636811994	30253	30341	88	30253	2	0.9909638554216867	AACGCCTAGCAGTAGCAGAGGTTCATCACC AACTCCTGGCAGCAGTAGGGGAAATTCTCC	30311	1	0.9909638554216867	ACTGCCCTCGCGCTATTGCTGCTAGACAGA	1	0.9819277108433735	TGCTCGAATGGCTAGCGGAGGTGGTGAA	{30283}
3.1906433771173464	30666	30755	89	30666	2	0.9909638554216867	GAGCCATTAAATTGGATGACAAAGATCCAC GAGCCATTAAATTGGATGATAAAGATCCCC	30725	1	0.9939759036144579	AAGCACATTGACGCATACAAAACATTCCCA	1	0.9879518072289156	AATTCAAAGACAACGTCATACTGTTGAA	{30696}
3.4128433771173463	30852	30970	118	30852	2	0.9909638554216867	CGGCTGACATGGATGATTTCTCCAGACAAC CTGCAGATTTGGATGAATTCTCCAAACAGT	30940	1	0.9939759036144579	GACCACACAAGGCAGATGGGCTATGTAAAC	1	0.9909638554216867	TCCATGAGTGGAGCTTCTGCTGATTCAA	{30890}
3.469888527362399	1500	1609	109	1500	1	0.9909638554216867	CATTGAAACTCGACTCCGCAAGGGAGGTAG	1579	2	0.9909638554216867	AAGCGAGCCTACTGGGTCCCTCGTGCTAGT AAGCGTGCCTACTGGGTTCCTCGTGCTAGT	2	0.9819277108433735	CTAGATGTTTTGGAGGCTGTGTGTTTGC GACTAAGTGTTTTGGAGGCTGTGTATTT	{1532} {1530}
3.535366666009797	30665	30810	145	30665	1	0.9909638554216867	GGAGCCATTAAATTGGATGACAAAGATCCA	30780	2	0.9909638554216867	AGAAAAAGACTGATGAAGCTCAGCCTTTGC AGAAGAAGGCTGATGAAGTACAGCCTCTGC	1	0.9879518072289156	AATTCAAAGACAACGTCATACTGTTGAA	{30696}
3.550107968360733	30787	30936	149	30787	2	0.9939759036144579	GACTGATGAAGCTCAGCCTTTGCCGCAGAG GGCTGATGAACTTCAGGCTTTACCGCAGAG	30906	1	0.9909638554216867	CTGCTGATTCAACTCAGGCATAAACACTCA	1	0.9819277108433735	CAACTTCAAGATTCCATGAGTGGAGCTT	{30878}
3.584243040981689	30852	31011	159	30852	2	0.9909638554216867	CGGCTGACATGGATGATTTCTCCAGACAAC CTGCAGATTTGGATGAATTCTCCAAACAGT	30981	1	0.9939759036144579	TCCGTTTACGATACATAGTCTACTCTTGTG	1	0.9909638554216867	TCCATGAGTGGAGCTTCTGCTGATTCAA	{30890}
3.653826723086379	30787	30970	183	30787	2	0.9939759036144579	GACTGATGAAGCTCAGCCTTTGCCGCAGAG GGCTGATGAACTTCAGGCTTTACCGCAGAG	30940	1	0.9939759036144579	GACCACACAAGGCAGATGGGCTATGTAAAC	1	0.9909638554216867	TCCATGAGTGGAGCTTCTGCTGATTCAA	{30890}
3.746048055426138	30787	31011	224	30787	2	0.9939759036144579	GACTGATGAAGCTCAGCCTTTGCCGCAGAG GGCTGATGAACTTCAGGCTTTACCGCAGAG	30981	1	0.9939759036144579	TCCGTTTACGATACATAGTCTACTCTTGTG	1	0.9909638554216867	TCCATGAGTGGAGCTTCTGCTGATTCAA	{30890}
3.7488950406914325	29817	29994	177	29817	1	0.9909638554216867	GGTTCACAGCTCTCACTCAGCATGGCAAGG	29964	2	0.9939759036144579	TGAAAGAGCTCAGCCCCAGATGGTACTTCT TGAAAGAGCTCAGCCCCAGATGGTATTTTT	2	0.9909638554216867	AGGAACTTAGATTCCCTCGAGGCCAGGG GGACTCAAATTCCCTCAAGGCCAGGGAG	{29847} {29849}
3.7668591090491432	30577	30812	235	30577	1	0.9939759036144579	ACAATTTGCTCCAAGTGCCTCTGCATTCTT	30782	2	0.9909638554216867	AAAAAGACTGATGAAGCTCAGCCTTTGCCG AAGAAGGCTGATGAAGTACAGCCTCTGCCG	1	0.9939759036144579	CTTCGGGAACATGGCTGACTTATCATGG	{30639}
3.7700972680519156	27351	27536	185	27351	2	0.9939759036144579	GTAATTGGAGCTGTGATCCTTCGTGGACAT GTCATTGGTGCTGTGATCATTCGTGGTCAC	27506	1	0.9909638554216867	TTCAGGTTTTGCTGCATACAACCGCTACCG	2	0.9819277108433735	GCGAATGGCAGGACACTCCCTAGGGCGC TAGGAGCGTCGCAGCGTGTAGGCACTGG	{27383} {27478}
3.7723079683607335	30157	30395	238	30157	2	0.9939759036144579	AACATTGCCAAAAGGCTTCTACGCAGAGGG AACATTGCCCAAAGGCTTCTACGCAGAAGG	30365	1	0.9909638554216867	TCTGGTAAAGGCCAACAACAACAAGGCCAA	1	0.9819277108433735	TGCTCGAATGGCTAGCGGAGGTGGTGAA	{30283}
3.7741038657081174	30666	30905	239	30666	2	0.9909638554216867	GAGCCATTAAATTGGATGACAAAGATCCAC GAGCCATTAAATTGGATGATAAAGATCCCC	30875	1	0.9909638554216867	AGACAACTTCAAAATTCCATGAGTGGAGCT	1	0.9879518072289156	AATTCAAAGACAACGTCATACTGTTGAA	{30696}
3.7758897580044537	305	545	240	305	1	0.9909638554216867	GACCGAAAGGTAAGATGGAGAGCCTTGTTC	515	2	0.9909638554216867	AGCCCTATGTGTTCATTAAACGATCTGAAG AGCCCTATGTGTTCATTAAACGTTCTGATG	1	0.9789156626506024	TTCAGGTTAGAGACGTGCTAGTGCGTGG	{380}
3.7826701280549226	348	538	190	348	1	0.9939759036144579	GAAAACACACGTCCAACTCAGTTTGCCTGT	508	2	0.9909638554216867	CTTGAACAGCCCTATGTGTTCATTAAACGT CTTGAAGAGCCCTATGTGTTCATTAAACGA	2	0.9879518072289156	TCCAGGTTAGAGACGTGTTAGTACGTGG TTCAGGTTAGAGACGTGCTAGTGCGTGG	{380} {380}
3.7994827288338286	29703	29900	197	29703	1	0.9939759036144579	GCATTACATTTGGTGGACCCACAGATTCAA	29870	2	0.9909638554216867	CAGGGAGTTCCTATCAACACCAATAGTGGC CAGGGCGTTCCAATCAACACCAATAGTGGT	2	0.9849397590361446	ACTCAGCATGGTAAGGAGGAACTTAGAT CCAGGATGGAGGACGCAGTGGTGTACGG	{29831} {29743}
3.808708310503012	1162	1363	201	1162	1	0.9909638554216867	GTCAAAGTCATTCAACCACGTGTTGAAAAG	1333	2	0.9909638554216867	AAAGCCACTTGTGAACATTGTGGCACTGAA AGAGCCACTTGCGAATTCTGTGGTACTGAA	2	0.9849397590361446	AAAAATACTGAAGGTTTCATGGGGCGTA CACTTGTCTACCTTGATGAAATGTAATC	{1192} {1267}
3.824240537842752	29817	30025	208	29817	1	0.9909638554216867	GGTTCACAGCTCTCACTCAGCATGGCAAGG	29995	2	0.9909638554216867	CTACCTAGGAACAGGACCAGAGGCTGCATT TTACCTAGGAACTGGCCCAGAAGCTTCACT	2	0.9909638554216867	AGGAACTTAGATTCCCTCGAGGCCAGGG GGACTCAAATTCCCTCAAGGCCAGGGAG	{29847} {29849}
3.877959109049143	26776	27011	235	26776	1	1.0	CGTACTGCTGCAATATTGTTAACGTGAGTT	26981	2	0.9909638554216867	ACTCCTGGAACAATGGAACCTAGTAATAGG GCTCTTAGAACAATGGAACCTAGTAATAGG	2	0.9879518072289156	CAACAGTTTATGTCTACTCGCGTGTTAA TTAAAAATCTGAACTCTTCTGAAGGAGT	{26815} {26839}
3.8869897580044537	516	756	240	516	2	0.9909638554216867	GCCCTATGTGTTCATTAAACGATCTGAAGC GCCCTATGTGTTCATTAAACGTTCTGATGC	726	1	0.9909638554216867	TGGCATCGATCTAAAGTCTTATGACTTAGG	2	0.9879518072289156	CACAAGGTTGTGGAATTGGTTGCAGAAT CACTGGGAGTACTCGTGCCACATGTGGG	{565} {626}
3.8992199489870325	26981	27228	247	26981	2	0.9909638554216867	ACTCCTGGAACAATGGAACCTAGTAATAGG GCTCTTAGAACAATGGAACCTAGTAATAGG	27198	1	0.9909638554216867	GTAGGCTTGATGTGGCTTAGCTACTTCGTT	2	0.9849397590361446	CTTGTTTTCCTCTGGCTCTTGTGGCCGG GTGACTGGCGGGATTGCGATTGCAATGG	{27087} {27162}
3.8992199489870325	27351	27598	247	27351	2	0.9939759036144579	GTAATTGGAGCTGTGATCCTTCGTGGACAT GTCATTGGTGCTGTGATCATTCGTGGTCAC	27568	1	0.9909638554216867	CCGGTAGCAACGACAATATTGCTTTGCTAG	2	0.9819277108433735	GCGAATGGCAGGACACTCCCTAGGGCGC TAGGAGCGTCGCAGCGTGTAGGCACTGG	{27383} {27478}
4.431626723086379	18373	18556	183	18373	1	0.9909638554216867	CATACCAGGCATACCAAAGGACATGACCTA	18526	3	0.9909638554216867	GGGCTGTCATGCAACTAGAGATGCTGTGGG GGGTTGTCATGCAACAAGGGATGCTGTGGG GGGTTGTCATGCTACTAGAGATGCTGTAGG	2	0.9879518072289156	CGAAGAAGCTATTCGTCACGTTCGTGCG GCGAAGAGGCCATTCGTCACGTTCGTGC	{18478} {18477}
4.442589758004454	30260	30500	240	30260	2	0.9909638554216867	AGCAGTAGCAGAGGTTCATCACCAGCACGA GGCAGCAGTAGGGGAAATTCTCCTGCTCGA	30470	2	0.9909638554216867	GTCACCCAAGCTTTTGGGCGACGTGGTCCA GTCACTCAAGCATTTGGGAGACGTGGTCCA	1	0.9909638554216867	GCTAGCGGAGGTGGTGAAACTGCCCTCG	{30293}
4.449635466635868	30487	30731	244	30487	2	0.9909638554216867	GAGACGTGGTCCAGAACAAACCCAAGGAAA GCGACGTGGTCCAGATCAAACTCAAGGAAA	30701	2	0.9909638554216867	AAAGACAACGTCATACTGCTGAACAAGCAC AAAGACAACGTCATACTGCTGAATAAGCAC	1	0.9939759036144579	CTTCGGGAACATGGCTGACTTATCATGG	{30639}
4.48876719502264	13784	13991	207	13784	3	0.9909638554216867	TCCTAAAAACTAATTGCTGCCGATTCCAGG TCCTAAAAACTAATTGCTGTCGCTTCCAGG TCCTAAAGACTAATTGCTGCCGCTTCCAAG	13961	1	0.9969879518072289	ATGGTGACATGGTACCACATATATCACGTC	2	0.9909638554216867	AGAAGGATGAAGAAGGCAATTTAATAGA AGAAGGATGAGGAAGGCAATTTATTAGA	{13814} {13814}
4.501591578646307	27277	27490	213	27277	3	0.9909638554216867	CAGAAACAAACATTCTTCTCAATGTGCCTC CAGAAACTAACATTCTTTTGAACGTGCCTC CGGAAACAAACATTCTTCCCAATGTGCCTC	27460	1	0.9909638554216867	CGCTTTCTTATTACAAATTAGGAGCGTCGC	2	0.9819277108433735	GCGAATGGCTGGACACTCTCTAGGGCGC TCCGGGGGACAATTGTGACCAGACCGCT	{27383} {27307}
4.521887395870145	1386	1609	223	1386	2	0.9909638554216867	TACATGTGGGTACCTACCTACTAATGCTGT TACGTGTGGATACCTACCTGCTAATGCTGT	1579	2	0.9909638554216867	AAGCGAGCCTACTGGGTCCCTCGTGCTAGT AAGCGTGCCTACTGGGTTCCTCGTGCTAGT	2	0.9819277108433735	CTAGATGTTTTGGAGGCTGTGTGTTTGC GACTAAGTGTTTTGGAGGCTGTGTATTT	{1532} {1530}
4.553689758004453	29817	30057	240	29817	1	0.9909638554216867	GGTTCACAGCTCTCACTCAGCATGGCAAGG	30027	3	0.9939759036144579	CCTACGGCGCTAACAAAGAAGGCATCGTAT CCTATGGTGCTAACAAAGAAGGCATCATAT CCTATGGTGCTAATAAAGAAGGCATCGTAT	2	0.9909638554216867	AGGAACTTAGATTCCCTCGAGGCCAGGG GGACTCAAATTCCCTCAAGGCCAGGGAG	{29847} {29849}
4.55723196905215	1162	1404	242	1162	1	0.9909638554216867	GTCAAAGTCATTCAACCACGTGTTGAAAAG	1374	3	0.9939759036144579	AGAAGGTGCCACAACTTGTGGTTACTTACC TGAAGGACCCACTACATGTGGATACCTACC TGAAGGACCTACTACATGTGGGTACCTACC	2	0.9789156626506024	AAAAATACTGAAGGTTTCATGGGGCGTA GTTTCATGGCAGACGTGCGACTTTCTGA	{1192} {1306}
4.659401953228442	1293	1530	237	1293	3	0.9909638554216867	CCATTGTGGTGAAACTTCATGGCAGACGGG TCATTGCGATGAAGTTTCATGGCAGACGTG TCATTGTGATGAAGCTTCTTGGCAGACGTG	1500	1	0.9909638554216867	CATTGAAACTCGACTCCGCAAGGGAGGTAG	3	0.9849397590361446	CGACTTTCTGAGAGCCACTTGTGAACAT TGAATATTGTGGCACTGAAAATCCAGTG TGTGAAGGACCCACTACATGTGGATACC	{1323} {1344} {1372}
4.7291181283451795	26981	27151	170	26981	2	0.9909638554216867	ACTCCTGGAACAATGGAACCTAGTAATAGG GCTCTTAGAACAATGGAACCTAGTAATAGG	27121	2	0.9939759036144579	TTGCTTGCTTTGTGCTTGCTGCTGTTTACA TTGCTTGTTTTGTGCTTGCTGCTGTCTACA	5	0.9909638554216867	ATTCTTGTTTCTTACATGGATTTGTTTG TTATGTTATTACAATTTGCCTATTCTAA TTGTTTTCCTGTGGCTCTTGTGGCCAGT TTTCATTTTCCTTGCCTGGATTATGCTG TTTCATTTTCCTTGCTTGGATTATGTTA	{27011} {27031} {27088} {27011} {27011}
4.846094263681199	422	538	116	422	3	0.9909638554216867	TGGAAGAAGCCCTAGCGGAAGCACGTGAAC TGGAAGAGGCCCTATCGGAGGCACGTGAAC TTGAAGAAGCTATCACTGAAGCACGTCAAC	508	2	0.9909638554216867	CTTGAACAGCCCTATGTGTTCATTAAACGT CTTGAAGAGCCCTATGTGTTCATTAAACGA	2	0.9789156626506024	AGAGCTGGAAAAAGGCGTATTGCCCCAG TAGTAGAGCTGGAAAAAGGTGTTTTACG	{480} {476}
4.857248055426139	27256	27357	101	27256	3	0.9909638554216867	GCTCAATGTGGTCATTCAACCCAGAAACAA GGTCTTGGTGGTCGTTCAACCCAGAAACAA GTTCCATGTGGTCATTTAACCCAGAAACTA	27327	2	0.9909638554216867	AGACCGCTCATGGAAAGTGAACTTGTCATT AGGCCGCTTCTAGAGAGTGAACTCGTAATT	3	0.9879518072289156	CAACGTGCCTCTCCGAGGGACAATTTTG CAATGTGCCTCTCCGGGGGACAATTGTG CATTCTCCTCAATGTGCCTCTCCGAGGG	{27296} {27296} {27287}
4.883507968360734	30269	30418	149	30269	4	0.9909638554216867	AGAGGTTCATCACCAGCACGAAACCTGCAA AGGGGAAATTCTCCTGCTCGAATGGCTAGC AGGGGAACTTCTCCTGCTCGAATTGCTAGT AGGGGAAGTTCTCCTGCTCGATTGGCTAGC	30388	1	0.9909638554216867	AGGCCAAACTGTCACTAAGAAATCTGCTGC	1	0.9909638554216867	GGAGGTGGTGAAACTGCCCTCGCGCTAT	{30299}
4.913014134296109	27127	27256	129	27127	2	0.9909638554216867	GCTTTGTGCTTGCTGCTGTTTACAGAATTA GTTTTGTGCTTGCTGCTGTCTACAGAATTA	27226	3	0.9909638554216867	TTGCATCATTCAGGCTTTTTGCACGCACTA TTGCTTCCTTCAGGCTGTTTGCTCGTACCC TTGCTTCTTTCAGGCTGTTTGCTCGCACCC	2	0.9759036144578314	GTGACTGGCGGGATTGCGATTGCAATGG TTGGGTGACTGGCGGGATTGCGACTGCA	{27162} {27158}
4.917643040981689	735	894	159	735	1	0.9909638554216867	TCTAAAGTCTTATGACTTAGGTGACGAGCT	864	4	0.9909638554216867	CACTCGCTATGTCGACAACAACTTCTGTGG CACTCGCTATGTCGACAACAATTTCTGTGG CACTCGCTATGTTGATAACAACTTTTGTGG TACTCGCTATGTCGACAACAACTTTTGTGG	1	0.9849397590361446	CCCATTGAAGATTATGAACAAAACTGGA	{775}
4.984609836406474	1293	1414	121	1293	3	0.9909638554216867	CCATTGTGGTGAAACTTCATGGCAGACGGG TCATTGCGATGAAGTTTCATGGCAGACGTG TCATTGTGATGAAGCTTCTTGGCAGACGTG	1384	2	0.9909638554216867	ACTACATGTGGGTACCTACCTACTAATGCT ACTACGTGTGGATACCTACCTGCTAATGCT	3	0.9849397590361446	CGACTTTCTGAGAGCCACTTGTGAACAT TGAACAATGTGGCACTGAAAACCCAGTC TGAACAATGTGGCACTGAAAATTTAGTT	{1323} {1344} {1344}
5.071143765448655	26776	26949	173	26776	1	1.0	CGTACTGCTGCAATATTGTTAACGTGAGTT	26919	4	0.9909638554216867	GGAACTTTAACATTGCTTATCATGGCAGAC GGAACTTTAACATTGCTTATCATGGCTGAG GGAACTTTAACATTGCTTGTCATGGCAGAG GGAACTTTAATTTTAGCCATGTCAGGTGAC	2	0.9879518072289156	CAACAGTTTATGTCTACTCGCGTGTTAA TTAAAAATCTGAACTCTTCTGAAGGAGT	{26815} {26839}
5.1020857056612074	6468	6616	148	6468	4	0.9909638554216867	GTGCATACGTTGTCTTTGGAGTACAAAACC GTGTTTACGTTGTCTGTGGAGTACAAAACC GTGTTTACGTTGTCTTTGGAGTACAAAGCC GTGTTTGCGTTGTCTTTATAGCACTAAACC	6586	1	0.9939759036144579	CTCTGAAGAAGTAGTGGAAAATCCTACCAT	3	0.9849397590361446	CAACTTCTAATCCATTTGAAGTTTTGTG GTTCTGGCAGTAGAAGACACACAAGGAA TTTGAAGTTCTGGCAGTAGAAGACACAC	{6503} {6523} {6517}
5.157640537842752	508	642	134	508	2	0.9909638554216867	CTTGAACAGCCCTATGTGTTCATTAAACGT CTTGAAGAGCCCTATGTGTTCATTAAACGA	612	3	0.9909638554216867	TCGTAGCGGTACAACACTGGGAGTTCTCGT TCGTAGCGGTATAACACTGGGAGTACTCGT TCGTAGCGGTATAACTCTGGGAGTGCTCGT	4	0.9819277108433735	ATCACGGCCACAAGGTCGTTGAGCTGGT CAAGGTTGTTGAATTGGTGGCTGAAATG GCTGGTTGCAGAAATGGACGGCATTCAG TTGCAGAATTAGATGGCATTCAGTTCGG	{557} {567} {579} {584}
5.159799245246692	13680	13889	209	13680	1	0.9969879518072289	TAAGTGCAGCCCGTCTTACACCGTGCGGCA	13859	4	0.9939759036144579	AGAGACACACGATGTCCAACTACCAACATG AGAGACATACTATGTCCAACTACCAGCATG AGAGGCACACAATGTCCAACTACCAACATG AGAGGCATACTATGTCTAACTACCAACATG	2	0.9879518072289156	ATTCCAGGAGAAGGATGAAGAAGGCAAT GAGAAGGATGAGGAAGGCAATTTATTAG	{13806} {13813}
5.2186038657081175	12621	12860	239	12621	1	0.9939759036144579	GATGGTTGTGTTCCACTCAACATCATACCA	12830	4	0.9909638554216867	TTGGCCTCTTATTGTTACAGCGCTAAGAGC TTGGCCTCTTATTGTTACAGCTCTAAGAGC TTGGCCTCTTATTGTTACTGCACTAAGAGC TTGGCCTCTTATTGTTACTGCTTTAAGAGC	2	0.9819277108433735	ACTTATGGTTGTTGTCCCTGATTATGGT CATGGTTGTTGTGCCTGACTATGGAACC	{12668} {12671}
5.2256885040667145	27277	27520	243	27277	3	0.9909638554216867	CAGAAACAAACATTCTTCTCAATGTGCCTC CAGAAACTAACATTCTTTTGAACGTGCCTC CGGAAACAAACATTCTTCCCAATGTGCCTC	27490	2	0.9939759036144579	AGCGTGTAGGCAACGATTCAGGTTTTGCTG AGCGTGTAGGCACTGATTCAGGTTTTGCTG	2	0.9819277108433735	GCGAATGGCTGGACACTCTCTAGGGCGC TCCGGGGGACAATTGTGACCAGACCGCT	{27383} {27307}
5.2621757998013186	612	817	205	612	3	0.9909638554216867	TCGTAGCGGTACAACACTGGGAGTTCTCGT TCGTAGCGGTATAACACTGGGAGTACTCGT TCGTAGCGGTATAACTCTGGGAGTGCTCGT	787	2	0.9909638554216867	TATGAACAAAACTGGAACACTAAGCATGGC TATGAACAACAATGGAACACTAAGCATGGC	3	0.9819277108433735	CATAGCTTTGGCATCGATCTAAGGTCTT GCCACATGTGGGCGAAACCCCAGTTGCG GCTTTGGCATCGATCTAAAGTCTTATGA	{718} {642} {722}
5.285616373031192	18397	18613	216	18397	2	0.9909638554216867	GACCTACCGTAGACTCATCTCTATGATGGG GACCTATCGCAGACTCATCTCTATGATGGG	18583	3	0.9939759036144579	TTCAACAGGTGTTAACCTAGTAGCTGTACC TTCAACAGGTGTTAACCTAGTGGCCGTACC TTCTACAGGTGTTAACTTAGTAGCTGTACC	3	0.9939759036144579	CGAAGAAGCTATTCGTCACGTTCGTGCG GCGAAGAGGCCATTCGTCACGTTCGTGC TGAAGAAGCCATCCGCCACGTTCGTGCG	{18478} {18477} {18478}
5.297714670640964	7581	7803	222	7581	3	0.9909638554216867	GCAATGGTTAGGATGTACATCTTCTTTGCT GCAATGGTTAGGATGTACATTTTCTTCGCT GCTATGGTCAGGATGTACATTTTCTTTGCT	7773	2	0.9909638554216867	GGCTTCTGCAAGACTCACAATTGGAATTGT GGCTTCTGTAAGGCTCACAATTGGAATTGT	3	0.9879518072289156	CATGGATGGTTGCACCTCTTCGACTTGC CGACACGTGTTGAGTGTACAACTATTGT GTTCATATTATGGATGGTTGCACTTCTT	{7646} {7699} {7638}
5.348821916171137	11408	11658	250	11408	2	0.9909638554216867	ATGATTTACATGCCTGCTAGTTGGGTTATG ATGGTCTACATGCCTGCTAGCTGGGTGATG	11628	3	0.9909638554216867	ATGCTTTAGATCAAGCTATTTCCATGTGGG ATTCCTTAGATCAAGCTATTTCCATGTGGG ATTCTTTAGACCAAGCTATTTCCATGTGGG	3	0.9849397590361446	AGTTTTGCTTATCCTCATGACTGCCCGT GCGTGTATGGACATTGATGAATGTCATT TAGTTTTGCTTATTCTCATGACAGCTCG	{11521} {11572} {11520}
5.429109836406473	735	856	121	735	1	0.9909638554216867	TCTAAAGTCTTATGACTTAGGTGACGAGCT	826	5	0.9909638554216867	ACCCGTGAACTCAAGCGTGAGCTTAACGGA CTCCGCGAACTCATTCGTGAGCTCAACGGA CTCCGTGAACTCACTCGTGAGCTCAATGGA CTCCGTGAACTCATCCGTGAGCTCAATGGA CTCCGTGAACTCATTCGTGAGCTTAATGGA	1	0.9849397590361446	CCCATTGAAGATTATGAACAAAACTGGA	{775}
5.469988527362399	351	460	109	351	2	0.9909638554216867	AACACACGTCCAACTCAGTTTACCTGTTCT AACACACGTCCAACTCAGTTTGCCTGTCCT	430	4	0.9909638554216867	GCCCTAGCGGAAGCACGTGAACATCTTAAA GCCCTATCGGAGGCACGTGAACACCTCAAA GCCCTATCGGAGGCACGTGAACATCTTAAA GCTTTATCAGAGGCACGTCAACATCTTAAA	2	0.9879518072289156	CCAGGTTAGAGACGTGTTAGTACGTGGC TCAGGTTAGAGACGTGCTAGTGCGTGGC	{381} {381}
5.581088527362399	787	896	109	787	2	0.9909638554216867	TATGAACAAAACTGGAACACTAAGCATGGC TATGAACAACAATGGAACACTAAGCATGGC	866	4	0.9939759036144579	CTCGCTATGTCGACAACAACTTTTGTGGCC CTCGCTATGTCGACAACAATTTCTGTGGCC CTCGCTATGTTGATAACAACTTTTGTGGCC CTCGTTATGTCGACAACAACTTCTGTGGCC	3	0.9819277108433735	CACTCGTGAGCTCAACGGAGGCGCAGTT GGTGGTGTACTCCGTGAACTCATCCGTG TCACTCGTGAGCTCAATGGAGGTGCAGT	{837} {817} {836}
5.615190556965433	18721	18890	169	18721	4	0.9909638554216867	ACCCTGGAACATAGTGCGTATCAAGATAGT GCCCTGGAACGTGGTGCGTATTAAGATTGT GCCCTGGAATGTAGTGCGTATTAAGATAGT GCCCTGGAATGTTGTGCGTATTAAGATCGT	18860	2	0.9939759036144579	GAAAGAACGTGTTGTCTGTGCGACAAACGT GAAAGAACGTGTTGTCTGTGTGACAAACGT	1	0.9879518072289156	CTGAAAGGATTGTCAGACAGAGTCGTGT	{18770}
5.6238942636811995	27657	27829	172	27657	2	0.9909638554216867	GACTTCCAGGTTACAATAGCAGAGATATTG GACTTTCAGGTTACAATAGCAGAGATGTTG	27799	4	0.9909638554216867	CCTCAGTTAGATGATGAAGAACCTATGGAG TCAGAGTTAGATGATGAAGTACCTATGGAG TCGGAGTTAGATGATGAAGAACCTATGGAG TCTTAGTTAGATGATGACGAACCTATGGAG	1	0.9909638554216867	GAGACAATTATTTAAGCCTCTAACTAAG	{27762}
5.713240537842752	27256	27390	134	27256	3	0.9909638554216867	GCTCAATGTGGTCATTCAACCCAGAAACAA GGTCTTGGTGGTCGTTCAACCCAGAAACAA GTTCCATGTGGTCATTTAACCCAGAAACTA	27360	3	0.9939759036144579	GCTGTGATCATTCGTGGTCACTTGCGAATG GCTGTGATCATTCGTGGTCATTTGCGGATG GCTGTGATCCTTCGTGGACATCTTCGTATT	3	0.9879518072289156	CAACGTGCCTCTCCGAGGGACAATTTTG CAATGTGCCTCTCCGGGGGACAATTGTG CATTCTCCTCAATGTGCCTCTCCGAGGG	{27296} {27296} {27287}
5.723891578646308	681	894	213	681	2	0.9969879518072289	TCTTCTCCGTAAGAATGGTAATAAGGGAGC TCTTCTTCGTAAGAACGGTAATAAGGGAGC	864	4	0.9909638554216867	CACTCGCTATGTCGACAACAACTTCTGTGG CACTCGCTATGTCGACAACAATTTCTGTGG CACTCGCTATGTTGATAACAACTTTTGTGG TACTCGCTATGTCGACAACAACTTTTGTGG	1	0.9849397590361446	CCCATTGAAGATTATGAACAAAACTGGA	{775}
5.7301163730311915	7775	7991	216	7775	2	0.9909638554216867	CTTCTGCAAGACTCACAATTGGAATTGTCT CTTCTGTAAGGCTCACAATTGGAATTGTCT	7961	4	0.9909638554216867	TGACAAGGCTGGTCAAAAGACCTATGAGAG TGACAAGGCTGGTCAAAAGACTTACGAGAG TGATAAGGCTGGTCAAAAGACTTATGAGAG TGATAAGGCTGGTCAGAAGACTTACGAGAG	1	0.9909638554216867	CTCGTGATTTGTCACTCCAGTTTAAAAG	{7855}
5.748995040691432	18642	18819	177	18642	3	0.9909638554216867	CAGAATTCACCAGAGTTAATGCAAAACCTC CAGAGTTCACTAGAGTCAATGCAAAACCTC CGGAGTTCACTAGAGTTAATGCAAAACCTC	18789	3	0.9909638554216867	GAGTCGTGTTCGTCCTTTGGGCGCATGGCT GAGTCGTGTTTGTCCTTTGGGCGCATGGCT GAGTTGTGTTTGTCCTCTGGGCACATGGCT	2	0.9969879518072289	CAAATGCTCAGTGACACGCTGAAAGGAT TCAGTGATACACTGAAAGGATTGTCAGA	{18752} {18759}
5.753872931341441	787	1015	228	787	2	0.9909638554216867	TATGAACAAAACTGGAACACTAAGCATGGC TATGAACAACAATGGAACACTAAGCATGGC	985	4	0.9909638554216867	CAGTCTAAGAGAGGTGTGTACTGTTGCCGT GAATCGAAGAGAGGCGTCTACTGCTGCCGT GAATCGAAGCGTGGTGTCTATTGCTGCCGT GAGTCGAAGAGAGGTGTCTACTGCTGCCGT	1	0.9879518072289156	GCGGGCAAGTCAATGTGCACTCTTTCCG	{940}
5.766959109049143	735	970	235	735	1	0.9909638554216867	TCTAAAGTCTTATGACTTAGGTGACGAGCT	940	5	0.9909638554216867	GCCGGCAAATCTTGTGCTCCACTCTCTGAC GCGGGCAAATCGATGTGCACTCTTTCTGAA GCGGGCAAGTCAATGTGCACTCTTTCCGAA GCGGGTAAGTCGATGTGCACTCTTTCCGAA GCGGGTAAGTCTATGTGCACTCTTTCTGAA	1	0.9849397590361446	CCCATTGAAGATTATGAACAAAACTGGA	{775}
5.797234243325825	6468	6664	196	6468	4	0.9909638554216867	GTGCATACGTTGTCTTTGGAGTACAAAACC GTGTTTACGTTGTCTGTGGAGTACAAAACC GTGTTTACGTTGTCTTTGGAGTACAAAGCC GTGTTTGCGTTGTCTTTATAGCACTAAACC	6634	2	0.9909638554216867	GTGTAATGTGAAAACTACCGAAGTTGTAGG GTGTGACGTGAAAACTACCGAAGTTGTAGG	2	0.9819277108433735	GTTCTGGCAGTAGAAGACACACAAGGAA TTTGAAGTTCTGGCAGTAGAAGACACAC	{6523} {6517}
5.815557335320482	11236	11440	204	11236	5	0.9909638554216867	GTCCAAAGTACAAAGTGGTCACTGTTCTTC GTCCAAAGTACTCAGTGGTCACTGTTTTTC GTCCAGAGTACACAGTGGTCGCTGTTTTTC GTTCAAAGTACACAGTGGTCACTGTTTTTC GTTCAGAGTACTCAATGGTCTTTGTTCTTC	11410	1	0.9909638554216867	GGTCTACATGCCTGCTAGCTGGGTGATGCG	2	0.9819277108433735	GAATGCTTTCTTGCCATTCACTCTTGGT GAATGCTTTCTTGCCATTTACTCTTGGT	{11277} {11277}
5.834991578646307	9116	9329	213	9116	2	0.9909638554216867	CAGTGCTGTTGGCAATATTTGCTACACACC TAGTGCTGTTGGCAACATTTGCTACACACC	9299	4	0.9909638554216867	AGACACTCGTTATGTGCTTATGGATGGTTC TGACACCCGTTATGTGCTCATGGATGGTTC TGACACTCGCTATGTGCTCATGGACGGTTC TGACACTCGTTATGTGCTTATGGATGGTTC	2	0.9909638554216867	AGGATGCTATGGGCAAACCTGTGCCATA CTCATTGAGTATAGTGATTTTTCTACTT	{9217} {9153}
5.881297268051916	26297	26482	185	26297	5	0.9909638554216867	AAAGTGGGAGTCTGGTGTTAAGGACTGTGT GAATTGGCACTCAGGTGTTAAAGACTATGT GGATAGGCACTCAGGTGTTAAAGACTATGT GGATTGGCATTCAGGTGTAAAGGACTATGT GGATTGGCATTCAGGTGTTAAAGACTATGT	26452	1	0.9909638554216867	ATGTGCAAATACACACAATCGACGGCTCTT	3	0.9789156626506024	CAGTTAGAATCGACACAACTATCGACCG CATGGCTATTTCGCCGAAGTTCACTACC TCGACTCAATTGTCGACTGAGACTGGTG	{26361} {26334} {26370}
5.888865756109888	9386	9627	241	9386	4	0.9909638554216867	TGATGCAGAGTACTGCCGTCATGGCACATG TGATGCGGAGTACTGTAGGCATGGTACTTG TGATGCTGAGTACTGTAGACATGGTACATG TGATGCTGAGTATTGCAGACATGGTACTTG	9597	2	0.9909638554216867	GGTGGTATTATCGCCATACTGGTGACTTGT GGTGGTATTATTGCCATATTGGTGACTTGT	2	0.9819277108433735	GCTCTAGATGTGTCTGCTTCAGTAGTAG TTCTGTGGTGTTGATGCGATGAATCTCA	{9567} {9501}
5.892388504066714	5631	5874	243	5631	4	0.9909638554216867	AGAAACTATGACCCATCTTCTACAACATGC AGAAACTATGACCCATCTTCTACAGCATGC AGAAACTATGACCCATCTTTTACAGCATGC AGAAACTATGACTCATCTTTTACAGCACGC	5844	2	0.9909638554216867	AGAGTCACCTTTTGTTATGATGTCTGCACC AGAGTCTTCTTTTGTTATGATGTCTGCACC	2	0.9819277108433735	AGCTGTGATGTATATGGGTACTCTATCT TTATGATGAGCTTAAGACAGGTGTTTCA	{5742} {5769}
5.892388504066714	18313	18556	243	18313	3	0.9909638554216867	ACAGGCACCGACACACCTCAGTGTTGATAC ACAGGCACCTACACACCTCAGCGTTGATAT ACAGGCACCTACACATCTCAGTGTTGATAC	18526	3	0.9909638554216867	GGGCTGTCATGCAACTAGAGATGCTGTGGG GGGTTGTCATGCAACAAGGGATGCTGTGGG GGGTTGTCATGCTACTAGAGATGCTGTAGG	2	0.9879518072289156	CGAAGAAGCTATTCGTCACGTTCGTGCG GCGAAGAGGCCATTCGTCACGTTCGTGC	{18478} {18477}
5.893870128054923	5851	6041	190	5851	2	0.9909638554216867	ACTTTTGTTATGATGTCAGCACCACCGTCT TCTTTTGTTATGATGTCTGCACCACCTGCT	6011	4	0.9909638554216867	CCTCTGAGTACAAAGGTTCTATTACAGATG TGTCAGAATATAAAGGACCAGTGACTGATG TGTCAGAGTACAAAGGACCAGTGACTGATG TGTCAGAGTATAAGGGACCAGTGACTGATG	3	0.9879518072289156	GAATACAAATTACAGCAAGGTACATTCT GAGTACAAATTACAACAGGGGGCCTTTT GAGTATAAATTACAGCAAGGTACATTCT	{5881} {5881} {5881}
5.894135466635868	6326	6570	244	6326	3	0.9909638554216867	CAGACTTGAATGGCGATGTAGTGGCTATTG CCGACTTGAATGGAGATGTAGTGGCTATTG CTGACTTAAATGGTGATGTAGTGGCTATTG	6540	3	0.9909638554216867	CACACAAGGAATGGACAATCTTGCTTGTGA CACACAGGGAATGGATAATCTTGCCTGTGA CGCACAAGGAATGGAAACTCTTGCTTGTGA	2	0.9819277108433735	ACTCCACGAGTTTCAAGAAAGGTGCAAA CTATAGACACTATTCAGCGAGTTTCAAG	{6368} {6357}
5.899319948987032	18583	18830	247	18583	3	0.9939759036144579	TTCAACAGGTGTTAACCTAGTAGCTGTACC TTCAACAGGTGTTAACCTAGTGGCCGTACC TTCTACAGGTGTTAACTTAGTAGCTGTACC	18800	3	0.9939759036144579	GTCCTCTGGGCACATGGCTTTGAACTCACA GTCCTTTGGGCACATGGCTTTGAACTTACA GTCCTTTGGGCGCATGGCTTTGAGCTTACA	2	0.9969879518072289	CTGAAAGGATTGTCAGACAGAGTCGTGT GTACAAGGGCTTGCCCTGGAGTGTTGTG	{18770} {18709}
5.899319948987032	26291	26538	247	26291	5	0.9909638554216867	TGTAGAAAAATGGGAGTCTGGTGTCAAGGA TTCCGAGGATTGGCATTCAGGTGTAAAGGA TTCTGAGAATTGGCACTCAGGTGTTAAAGA TTCTGAGGATAGGCACTCAGGTGTTAAAGA TTCTGAGGATTGGCATTCAGGTGTTAAAGA	26508	1	0.9969879518072289	CCAATTTATGATGAGCCGACGACGACTACT	2	0.9849397590361446	CATGGCTATTTCGCCGAAGTTCACTACC TTCAGGAGTTGTAAATCCAGCGATGGAT	{26334} {26480}
5.902730266661922	943	1192	249	943	5	0.9909638554216867	GGCAAATCGATGTGCACTCTTTCTGAACAA GGCAAATCTTGTGCTCCACTCTCTGACCAA GGCAAGTCAATGTGCACTCTTTCCGAACAA GGTAAGTCGATGTGCACTCTTTCCGAACAA GGTAAGTCTATGTGCACTCTTTCTGAACAA	1162	1	0.9909638554216867	GTCAAAGTCATTCAACCACGTGTTGAAAAG	2	0.9819277108433735	CTTGATTACATCGAGTCGAAGAGAGGTG CTTGATTTCATTGAATCGAAGCGTGGTG	{973} {973}
5.915328706359163	1293	1492	199	1293	3	0.9909638554216867	CCATTGTGGTGAAACTTCATGGCAGACGGG TCATTGCGATGAAGTTTCATGGCAGACGTG TCATTGTGATGAAGCTTCTTGGCAGACGTG	1462	3	0.9909638554216867	CCAGAGCATAGTGTTGCTGACTACCACAAC CCTGAGCATAGTGTTGCAGACTACCACAAC CCTGAGCATAGTGTTGCAGATTATCACAAC	3	0.9849397590361446	CGACTTTCTGAGAGCCACTTGTGAACAT TGAATATTGTGGCACTGAAAATCCAGTG TGTGAAGGACCCACTACATGTGGATACC	{1323} {1344} {1372}
5.92217380995394	9665	9867	202	9665	2	0.9909638554216867	TGAATACAACCATGTTGTTGCTGCCAATGC TGAGTACAACCATGTTGTTGCTGCTAATGC	9837	4	0.9909638554216867	GGTTATGTTCACACCCTTAGTGCCTTTCTG TGCCATGTTTTCTCCAATCGTGCCTTTCTG TGCCATGTTTTCTCCTATTGTGCCTTTTTG TGCTATGTTTTCTCCCATTGTGCCTTTCTG	3	0.9849397590361446	ACCAGCTTACAGCTTTCTGCCGGGAGTC CACCTGCTTATAGCTTTTTGCCAGGAGT CTCTGTTTGGCACCTGCCTATAGTTTTT	{9734} {9733} {9723}
5.960043765448654	4428	4601	173	4428	4	0.9909638554216867	CGGACAAGGATGTGCTGGTTATACACTCGA CGGTCAAGGTTGTGCTGGTTATACACTTGA TGGACAAGGATGTGCTGGTTATACACTTGA TGGTCAGGGTTTAAATGGTTACACTGTAGA	4571	2	0.9909638554216867	ATGCTTGCTCATGCAGAGGAGACAAGAAAA ATGCTTGCTCATGCTGAAGAGACAAGAAAA	4	0.9819277108433735	AAAATGCAAATCTGCACTGTATGTTCTA ACTATTCTTAAGAAATGCAAATCTGAAT CTGCGCTTAAAAGGTGCAAATCTGCATG GAAATGCAAATCTGCATTTTATGTACTA	{4480} {4469} {4470} {4480}
5.968348055426138	11473	11697	224	11473	5	0.9909638554216867	CTTATCTGGTTATCGGCTCAAAGACTGTGT CTTGTCTGGTTATAGGCTTAAGGATTGTGT CTTGTCTGGTTATCGGCTTAAGGACTGTGT TTTGTCTGGTTATCGGCTCAAGGACTGTGT TTTGTCTGGTTTCAAGCTAAAGGACTGTGT	11667	1	0.9909638554216867	TTTCTGTAACCTCTAACTATTCTGGTGTCG	3	0.9849397590361446	AGTTTTGCTTATCCTCATGACTGCCCGT GCGTGTATGGACATTGATGAATGTCATT TAGTTTTGCTTATTCTCATGACAGCTCG	{11521} {11572} {11520}
5.979866666009797	12653	12883	230	12653	3	0.9909638554216867	GACTACAGCAGCCAAACTCATGGTTGTTGT TACAACAGCAGCCAAACTCATGGTTGTTGT TACAACAGCAGCTAAACTCATGGTTGTTGT	12853	3	0.9939759036144579	TAAGAGCCAACTCAGCTGTTAAACTACAGA TAAGAGCCAATTCAGCTGTCAAACTACAGA TAAGGGCCAATTCAGCTGTCAAATTACAGA	3	0.9909638554216867	ACCTGATTATGGAACCTACAAGAATACT GTAACACTTTCACATATGCGTCAGCACT TCAAATTTGGCTTGGCCTCTTATTGTTA	{12683} {12718} {12819}
5.983616028494806	26919	27151	232	26919	4	0.9909638554216867	GGAACTTTAACATTGCTTATCATGGCAGAC GGAACTTTAACATTGCTTATCATGGCTGAG GGAACTTTAACATTGCTTGTCATGGCAGAG GGAACTTTAATTTTAGCCATGTCAGGTGAC	27121	2	0.9939759036144579	TTGCTTGCTTTGTGCTTGCTGCTGTTTACA TTGCTTGTTTTGTGCTTGCTGCTGTCTACA	3	0.9849397590361446	GGTTTCATTTTCCTTGCCTGGATTATGT TTATGTTATTACAATTTGCCTATTCTAA TTGTTTTCCTGTGGCTCTTGTGGCCAGT	{27009} {27031} {27088}
5.983716028494807	7508	7611	103	7508	4	0.9909638554216867	TGCCAGTCATTTCATTAGCAATTCTTGGCT TGCTAGTCATTTCATCAGCAACTCATGGCT TGCTAGTCATTTCATCAGCAATTCTTGGCT TTCAACACATTTTGCTAGTGGTTCATGGCT	7581	3	0.9909638554216867	GCAATGGTTAGGATGTACATCTTCTTTGCT GCAATGGTTAGGATGTACATTTTCTTCGCT GCTATGGTCAGGATGTACATTTTCTTTGCT	1	0.9819277108433735	CATTAGTATTGTACAAATGGCACCCGTT	{7550}
6.0255885273624	18721	18830	109	18721	4	0.9909638554216867	ACCCTGGAACATAGTGCGTATCAAGATAGT GCCCTGGAACGTGGTGCGTATTAAGATTGT GCCCTGGAATGTAGTGCGTATTAAGATAGT GCCCTGGAATGTTGTGCGTATTAAGATCGT	18800	3	0.9939759036144579	GTCCTCTGGGCACATGGCTTTGAACTCACA GTCCTTTGGGCACATGGCTTTGAACTTACA GTCCTTTGGGCGCATGGCTTTGAGCTTACA	1	0.9879518072289156	CTGAAAGGATTGTCAGACAGAGTCGTGT	{18770}
6.037857335320482	28607	28703	96	28607	2	0.9909638554216867	CGTGCAAGATCAGTTTCACCAAAACTTTTC CGTGCGAGATCAGTTTCACCCAAACTGTTT	28673	5	0.9909638554216867	CCACTTTTCCTCATTGTTGCTGCATTAGTA CCACTTTTTCTCATTGTTGCTGCTCTAGTA CCGCTTTTTCTCATTGTTGCTGCTTTAGTA CCGCTTTTTCTCATTGTTGCTGTTCTAGTA CCTGTTTTCCTTATCGTTGCAGCTATAGTG	2	0.9879518072289156	ACAAGAGGAAGTTCACCAAGAGCTCTAC AGAGGAGGTTCAACAAGAGCTCTACTCG	{28642} {28645}
6.069522592664184	21256	21475	219	21256	5	0.9909638554216867	GGGACCTCATCATTAGCGATATGTACGATC GGGACCTTATTATTAGCGATATGTATGACC GGGATCTCATTATTAGCGATATGTATGACC GGGATCTCATTATTAGTGACATGTATGACC GGGATCTCATTGTTAGCGATATGTACGATC	21445	1	0.9909638554216867	TCTCATGGTGGACAGCTTTTGTTACAAATG	4	0.9789156626506024	AAACATGTGACAAGAGAGAATGACTCAA AAACATGTGTTAAAGGATAATGACTCAA AACCAAACACGTGACAAGGGAAAATGAT TCACTTATCTGTGTGGATTTATAAAGCA	{21294} {21294} {21290} {21334}
6.0909666660097965	20128	20273	145	20128	2	0.9909638554216867	AATAGGTGTCTGCACAATGACTGACATTGC AATAGGTGTCTGTACAATGACTGACATAGC	20243	4	0.9909638554216867	CGCCCGTAATGGTGTTTTAATAACAGAAGG TGCACGTAATGGTGTTTTAATAACGGAAGG TGCCCGAAACGGTGTTTTAATAACAGAAGG TGCTCGCAATGGTGTTTTAATAACAGAAGG	6	0.9879518072289156	AGAGTGCTTGTTCCTCACTTACAGTCTT AGTGCTTGTTCATCACTCATTGTCTTGT AGTGCTTGTTCATCACTTACCGTCTTGT CTGAAAGCACTTGCTCGTCGCTTACTGT CTGAAAGCGCTTGTTCGTCGCTTACTGT CTGAGAGTGCTTGTTCCTCGCTTACTGT	{20172} {20174} {20174} {20169} {20169} {20169}
6.109389758004454	13784	13889	105	13784	3	0.9909638554216867	TCCTAAAAACTAATTGCTGCCGATTCCAGG TCCTAAAAACTAATTGCTGTCGCTTCCAGG TCCTAAAGACTAATTGCTGCCGCTTCCAAG	13859	4	0.9939759036144579	AGAGACACACGATGTCCAACTACCAACATG AGAGACATACTATGTCCAACTACCAGCATG AGAGGCACACAATGTCCAACTACCAACATG AGAGGCATACTATGTCTAACTACCAACATG	2	0.9909638554216867	AGAAGGATGAAGAAGGCAATTTAATAGA AGAAGGATGAGGAAGGCAATTTATTAGA	{13814} {13814}
6.144473809953941	9559	9690	131	9559	5	0.9909638554216867	CTATTGGTGCTTTGGACATATCTGCATCTA CTGTCGGTGCTCTAGATGTGTCTGCTTCAG CTGTGGGTGCTTTAGATGTGTCTGCTTCAG CTGTGGGTGCTTTAGATGTTTCTGCTTCAG CTGTTGGTGCTTTAGATGTATCTGCTTCTG	9660	2	0.9909638554216867	TTTGGTGAATACAACCATGTTGTTGCTGCC TTTGGTGAGTACAACCATGTTGTTGCTGCT	1	0.9849397590361446	GCAGGTGGTATTATTGCCATACTGGTGA	{9594}
6.15573770537095	9095	9207	112	9095	2	0.9909638554216867	GCATTTTCTACCTCGCGTTTTTAGTGCCGT GCATTTTCTACCTCGTGTTTTTAGTGCTGT	9177	5	0.9909638554216867	ACATCGGCATGCGTTTTAGCTGCTGAATGT ACCTCTGCTTGCGTTCTTGCTGCTGAGTGT ACTTCTGCTTGCGTCTTAGCAGCTGAGTGT ACTTCTGCTTGCGTCTTGGCTGCGGAATGT ACTTCTGCTTGCGTTTTGGCTGCTGAATGT	2	0.9849397590361446	CCATCTAAACTCATTGAGTATAGTGATT TTGCTACACACCTTCCAAACTCGTTGAG	{9144} {9134}
6.166289493487165	20439	20575	136	20439	3	0.9909638554216867	GGACTTCAAACCCAGATCAAAAATGGAGAC GGATTTCAAGCCCAGGTCACAAATGGAGAC GGATTTTAAGCCCAGATCACAAATGGAAAC	20545	4	0.9909638554216867	TATGGAGACTTTAGTCATGGACAGCTTGGT TATGGAGATTTCAGTCATGGACAACTTGGC TATGGAGATTTCAGTCATGGCCAACTTGGT TATGGAGATTTTAGTCATGGACAACTTGGC	1	0.9939759036144579	CTCGAGCTCGCTATGGATGAATTCATAC	{20476}
6.1786000822449525	18855	19073	218	18855	2	0.9909638554216867	GACCTGAAAGAACGTGTTGTCTGTGCGACA GACCTGAAAGAACGTGTTGTCTGTGTGACA	19043	4	0.9909638554216867	GGAAATGCACATGTGGCTAGTTGTGATGCT GGTAACGCCCATGTAGCTAGTTGTGATGCT GGTAACGCTCATGTGGCTAGTTGTGATGCT GGTAATGCTCATGTAGCTAGTTGTGATGCT	5	0.9789156626506024	AGTGGGGCTTTACGGGTAACCTTCGGAG CGTGCGACTTGTTTCTCTACTTCATCTG CTTCATCAGATACTTATGCTTGTTGGAG TGTTTTTCTACTTCATCAGACAATTATG TTCATCTGATACTTATGCCTGTTGGAAT	{18987} {18887} {18906} {18896} {18907}
6.1794942636812	27124	27212	88	27124	2	0.9939759036144579	CTTGCTTTGTGCTTGCTGCTGTTTACAGAA CTTGTTTTGTGCTTGCTGCTGTCTACAGAA	27182	5	0.9909638554216867	CGCAATGGCTTGTATAGTAGGCTTGATGTG TGCAATGGCCTGTCTTGTAGGCTTGATGTG TGCAATGGCCTGTTTAGTGGGGCTTATGTG TGCAATGGCTTGTATCGTAGGCTTGATGTG TGCAATGGCTTGTATTGTAGGCTTGATGTG	4	0.9789156626506024	TCAATTGGGTGACTGGCGGAATTGCGAT TCAATTGGGTGACTGGCGGTATTGCGAT TCAATTGGGTGACTGGTGGGATTGCGAT TTAATTGGGTGACTGGCGGGATTGCGAT	{27154} {27154} {27154} {27154}
6.182732422683973	351	491	140	351	2	0.9909638554216867	AACACACGTCCAACTCAGTTTACCTGTTCT AACACACGTCCAACTCAGTTTGCCTGTCCT	461	5	0.9909638554216867	ATGGAACATGTGGCATTATCAGTCTCCAGA ATGGCACTTGTGGCTTAGTAGAAGTTGAAA ATGGCACTTGTGGTCTAGTAGAGCTGGAAA ATGGCACTTGTGGTTTAGTAGAGCTGGAAA GTGGCACTTGTGGCATAGTAGAGCTGGAAA	1	0.9789156626506024	TCAGGTTAGAGACGTGCTAGTGCGTGGC	{381}
6.1944337616452865	10868	11094	226	10868	4	0.9909638554216867	GCTGCCGTTATTAATGGAGAAAGATGGTTT GCTGCTGTTATCAATGGTGATAGGTGGTTT GCTGCTGTTATTAATGGAGATAGATGGTTC GCTGCTGTTATTAATGGTGACAGGTGGTTC	11064	2	0.9909638554216867	TGGTATGAATGGACGTACCATACTGGGTAG TGGTATGAATGGTCGTACTATCCTTGGTAG	5	0.9759036144578314	GTGCCGCTTTGAAAGAGCTGCTACAGAA GTGTGCTGCCTTAAAAGAGCTTCTACAG GTGTGCTGCTCTGAAAGAGCTTCTACAG TGCTGTCTTGGATATGTGTGCTGCTTTG TGTGCTGCTTTGAAAGAGCTGCTGCAGA	{11036} {11034} {11034} {11019} {11035}
6.2223	9540	9632	92	9540	5	0.9909638554216867	TTCACACCTCTTGTTCAACCTGTCGGTGCT TTCACGCCATTAATTCAACCTATTGGTGCT TTTACACCTCTTGTTCAACCTGTTGGTGCT TTTACTCCCCTTGTGCAACCTGTGGGTGCT TTTACTCCTCTTGTGCAACCTGTGGGTGCT	9602	2	0.9909638554216867	TATTATCGCCATACTGGTGACTTGTGCTGC TATTATTGCCATATTGGTGACTTGTGCTGC	4	0.9909638554216867	ATGTATCAGCTTCTGTAGTAGCGGGTGG TAGATGTATCTGCTTCTGTAGTGGCGGG TAGATGTGTCTGCTTCAGTAGTAGCAGG TAGATGTGTCTGCTTCAGTAGTGGCTGG	{9574} {9571} {9571} {9571}
6.227535466635869	6468	6574	106	6468	4	0.9909638554216867	GTGCATACGTTGTCTTTGGAGTACAAAACC GTGTTTACGTTGTCTGTGGAGTACAAAACC GTGTTTACGTTGTCTTTGGAGTACAAAGCC GTGTTTGCGTTGTCTTTATAGCACTAAACC	6544	3	0.9909638554216867	CAAGGAATGGACAATCTTGCTTGTGAAAGT CAAGGAATGGATAATCTTGCTTGTGAAAGC CAGGGAATGGATAATCTTGCCTGTGAAGTT	3	0.9819277108433735	TCAAATTCATTTGAAGTTCTGGAAGTAG TCATTTGAAGTTCTGGCAGTAGAAGACA TCCTTTGAAGTCCTGGTGGTAGAAGACA	{6508} {6514} {6514}
6.241178667660241	7775	7931	156	7775	2	0.9909638554216867	CTTCTGCAAGACTCACAATTGGAATTGTCT CTTCTGTAAGGCTCACAATTGGAATTGTCT	7901	5	0.9909638554216867	CCAGTCATCGTATATTGTTGATAGTGTTGC CCAGTCCTCGTATGTCGTTGATAGTGTTGC CCAGTCGTCTTACACTGTTGATAGTGTGAC CCAGTCTGCATATGTCGTGGATAGCGTTAC CCAGTCTTCTTATGTTGTTGATAGTGTTGC	1	0.9909638554216867	CTCGTGATTTGTCACTCCAGTTTAAAAG	{7855}
6.25557380995394	7730	7861	131	7730	4	0.9909638554216867	TGGCATGAAGAAGTCATTTTACGTCTATGC TGGCATGAAGAGATCTTTCTATGTCTATGC TGGCGTGAAGAGATCTTTCTACGTCTATGC TGGTGTTAGAAGGTCCTTTTATGTCTATGC	7831	3	0.9909638554216867	GTACATTCATTAGTGATGAAGTTGCTCGTG GTACTTTCATTAGCGACGAAGTAGCTCGTG GTACTTTCATTAGCGATGAGGTTGCTCGTG	2	0.9879518072289156	GAGGCCGTGGCTTCTGCAAGACTCACAA GTGGCTTCTGTAAGGCTCACAATTGGAA	{7765} {7771}
6.285716373031192	9025	9124	99	9025	5	0.9909638554216867	CAAGAGAAGTTGGCTTTGTTGTGCCCGGTT CAAGAGAGATTGGTTTCATAGTGCCTGGCT CTAGAGAAATTGGTTTCATAGTGCCTGGTT CTAGAGAGATTGGCTTCATAGTGCCTGGTT CTAGGGAGATTGGCTTCATCGTGCCTGGAT	9094	2	0.9909638554216867	TGCATTTTCTACCTCGCGTTTTTAGTGCCG TGCATTTTCTACCTCGTGTTTTTAGTGCTG	4	0.9819277108433735	CGGGTACTGTGCTGAGAGCAATCAATGG CTGGTACTGTGTTAAGAACAATTAATGG CTGGTACTGTTTTGAGAGCACTTAATGG TACCTGGTACTGTTCTGAGAGCAATTAA	{9058} {9058} {9058} {9055}
6.301843377117347	681	857	176	681	2	0.9969879518072289	TCTTCTCCGTAAGAATGGTAATAAGGGAGC TCTTCTTCGTAAGAACGGTAATAAGGGAGC	827	5	0.9909638554216867	TCCGCGAACTCATTCGTGAGCTCAACGGAG TCCGTGAACTCACTCGTGAGCTCAATGGAG TCCGTGAACTCATCCGTGAGCTCAACGGAG TCCGTGAACTCATTCGTGAGCTTAATGGAG TTCGTGAACTCACTCGTGAGCTTAATGGAG	1	0.9849397590361446	CCCATTGAAGATTATGAACAAAACTGGA	{775}
6.312711090344213	30269	30449	180	30269	4	0.9909638554216867	AGAGGTTCATCACCAGCACGAAACCTGCAA AGGGGAAATTCTCCTGCTCGAATGGCTAGC AGGGGAACTTCTCCTGCTCGAATTGCTAGT AGGGGAAGTTCTCCTGCTCGATTGGCTAGC	30419	3	0.9909638554216867	GAGGCATCCAAAAAGCCTCGCCAAAAACGT GAGGCATCGAAGAAGCCTCGCCAAAAACGT GAGGCATCTAAAAAGCCTCGCCAAAAACGT	1	0.9909638554216867	GGAGGTGGTGAAACTGCCCTCGCGCTAT	{30299}
6.313266666009797	1176	1321	145	1176	4	0.9909638554216867	ACCACGTGTTGAAAAGAAAAAGACTGAAGG ACCACGTGTTGAAAAGAAAAAGACTGAGGG ACCGCGTGTTGAAAAGAAAAAGACTGAAGG ACCTAGAGTTGAAAAGAGGAAGACAGAAGG	1291	3	0.9939759036144579	AACCATTGTGGTGAAACTTCATGGCAGACG AATCATTGCGATGAAGTTTCATGGCAGACG AATCATTGTGATGAAGCTTCTTGGCAGACG	2	0.9879518072289156	GGCGCATTCGCTCTGTGTACCCTGTTGC TCATGGGGCGTATACGCTCTGTGTACCA	{1214} {1208}
6.320722044777587	9095	9242	147	9095	2	0.9909638554216867	GCATTTTCTACCTCGCGTTTTTAGTGCCGT GCATTTTCTACCTCGTGTTTTTAGTGCTGT	9212	5	0.9909638554216867	CTTTAAAGATGCTTCTGGTAAACCAGTACC CTTTAAGGATGCTATGGGTAAGCCTGTGCC TTTCAAAGATGCTATGGGTAAGCCTGTGCC TTTTAAGGATGCTATGGGCAAACCTGTGCC TTTTAAGGATGCTATGGGTAAGCCTGTGCC	2	0.9849397590361446	CCATCTAAACTCATTGAGTATAGTGATT TTGCTACACACCTTCCAAACTCGTTGAG	{9144} {9134}
6.3480850181197175	9496	9690	194	9496	5	0.9909638554216867	GAGTATTCTGTGGTGTTGATGCAATGAATC GAGTCTTTTGTGGTGTTGATGCCATGAATC GAGTTTTCTGTGGAGTCGATGCTATGAATC GAGTTTTCTGTGGTGTCGATGCTATGAACC GAGTTTTCTGTGGTGTTGATGCGATGAATC	9660	2	0.9909638554216867	TTTGGTGAATACAACCATGTTGTTGCTGCC TTTGGTGAGTACAACCATGTTGTTGCTGCT	1	0.9849397590361446	GCAGGTGGTATTATTGCCATACTGGTGA	{9594}
6.368554591467449	6326	6487	161	6326	3	0.9909638554216867	CAGACTTGAATGGCGATGTAGTGGCTATTG CCGACTTGAATGGAGATGTAGTGGCTATTG CTGACTTAAATGGTGATGTAGTGGCTATTG	6457	4	0.9909638554216867	CCAAACACTTGGTGTTTACGTTGTCTTTGG CCAAACATCTGGTGTTTACGTTGTCTGTGG CCAAATATTTGGTGCATACGTTGTCTTTGG CCCAATATGTGGTGTTTGCGTTGTCTTTAT	2	0.9819277108433735	ACTCCACGAGTTTCAAGAAAGGTGCAAA CTATAGACACTATTCAGCGAGTTTCAAG	{6368} {6357}
6.37557901698314	9496	9629	133	9496	5	0.9909638554216867	GAGTATTCTGTGGTGTTGATGCAATGAATC GAGTCTTTTGTGGTGTTGATGCCATGAATC GAGTTTTCTGTGGAGTCGATGCTATGAATC GAGTTTTCTGTGGTGTCGATGCTATGAACC GAGTTTTCTGTGGTGTTGATGCGATGAATC	9599	2	0.9909638554216867	TGGTATTATCGCCATACTGGTGACTTGTGC TGGTATTATTGCCATATTGGTGACTTGTGC	3	0.9819277108433735	AACCTGTCGGTGCTCTAGATGTGTCTGC TTACTCCTCTTGTGCAACCTGTGGGTGC TTTACTCCCCTTGTTCAGCCTGTGGGTG	{9556} {9541} {9540}
6.384243513028185	7856	7991	135	7856	3	0.9909638554216867	ACGCGACTTGTCTGTCCAATTTAAGAGACC TCATGACTTGTCACTCCAGTTTAAGAGACC TCGTGATTTGTCACTCCAGTTTAAAAGACC	7961	4	0.9909638554216867	TGACAAGGCTGGTCAAAAGACCTATGAGAG TGACAAGGCTGGTCAAAAGACTTACGAGAG TGATAAGGCTGGTCAAAAGACTTATGAGAG TGATAAGGCTGGTCAGAAGACTTACGAGAG	3	0.9849397590361446	ACCAGTCTGCATATGTCGTGGATAGCGT CTTCTTATGTTGTTGATAGTGTTGCTGT GTATATTGTTGATAGTGTTGCTGTGAAA	{7900} {7906} {7910}
6.390036002980723	9161	9329	168	9161	3	0.9909638554216867	GTATAGTGACTTTGCCACTTCTGCTTGTGT GTATAGTGATTTTGCTACCTCTGCTTGCGT GTATAGTGATTTTTCCACTTCTGCTTGCGT	9299	4	0.9909638554216867	AGACACTCGTTATGTGCTTATGGATGGTTC TGACACCCGTTATGTGCTCATGGATGGTTC TGACACTCGCTATGTGCTCATGGACGGTTC TGACACTCGTTATGTGCTTATGGATGGTTC	2	0.9909638554216867	ACTATTTTTAAGGACGCTATGGGTAAGC AGGATGCTATGGGCAAACCTGTGCCATA	{9207} {9217}
6.412848055426139	18583	18725	142	18583	3	0.9939759036144579	TTCAACAGGTGTTAACCTAGTAGCTGTACC TTCAACAGGTGTTAACCTAGTGGCCGTACC TTCTACAGGTGTTAACTTAGTAGCTGTACC	18695	4	0.9909638554216867	CTTATACCACTAATGTACAAGGGCTTGCCC CTTATACCACTCATGTACAAAGGCTTGCCT CTTATACCACTCATGTATAAAGGCTTGCCC CTTATACCACTTATGTACAAAGGTTTGCCC	3	0.9879518072289156	AGAGTTAATGCAAGACCTCCACCAGGTG AGAGTTAATGCGAAACCTCCTCCAGGTG CTGAGAACAACACGGAGTTCACTAGAGT	{18653} {18653} {18630}
6.4129433771173465	10090	10266	176	10090	5	0.9909638554216867	GTACAAGTATTTCAGTGGAGCCTTAGATAC GTACAAGTATTTCAGTGGGGCCTTGGACAC GTACAAGTATTTTAGCGGGGCCTTGGATAC GTACAAGTATTTTAGTGGAGCCATGGACAC GTACAAGTATTTTAGTGGAGCCTTAGACAC	10236	2	0.9909638554216867	TGCAGAGTGGTTTTAGAAGAATGGCATTCC TGCAGAGTGGTTTTAGGAAAATGGCATTCC	2	0.9849397590361446	AACCAGTTATCGTGAAGCAGCTTGCTGC TACTAGCTATCGTGAAGCAGCTTGCTGC	{10120} {10120}
6.4223754107419015	19095	19324	229	19095	2	0.9939759036144579	TCCATGAGTGCTTCGTTAAGCGCGTCGATT TCCATGAGTGCTTTGTTAAGCGCGTTGATT	19294	4	0.9939759036144579	GAAATTCTACGACGCTCAGCCTTGCAGTGA GAAGTTCTACGATGCTCAGCCATGCAGTGA GAAGTTCTACGATGCTCAGCCATGTAGTGA GAAGTTCTATGATGCTCAGCCATGCAGTGA	7	0.9849397590361446	ATAGGAGAAGAACTGAAGATTAATTCCG ATTAAATGTGTGCCACAGGCTGAAGTGG ATTATAGGAGATGAACTGAGGGTTAATT ATTATAGGAGATGAATTGAAGATTAATT GCTATTAGGTGTGTGCCGCAGGCTGAAG GGTCTGTTGAATACCCGGTTATTGGAGA GGTCTGTTGAATATCCGATTATCGGAGA	{19145} {19262} {19142} {19142} {19259} {19125} {19125}
6.422475410741902	18721	18950	229	18721	4	0.9909638554216867	ACCCTGGAACATAGTGCGTATCAAGATAGT GCCCTGGAACGTGGTGCGTATTAAGATTGT GCCCTGGAATGTAGTGCGTATTAAGATAGT GCCCTGGAATGTTGTGCGTATTAAGATCGT	18920	3	0.9909638554216867	TATGCCTGCTGGAATCATTCTGTGGGTTTT TATGCCTGTTGGAATCACTCTGTGAGCTTT TATGCTTGCTGGAACCACTCTGTGGGTTTT	1	0.9879518072289156	CTGAAAGGATTGTCAGACAGAGTCGTGT	{18770}
6.431726723086379	9116	9299	183	9116	2	0.9909638554216867	CAGTGCTGTTGGCAATATTTGCTACACACC TAGTGCTGTTGGCAACATTTGCTACACACC	9269	5	0.9909638554216867	AGGTTCTATTTCTTACAGTGAACTCCGCCC GGGTTCTATTTCTTACAGTGAACTACGTCC GGGTTCTATTTCTTACAGTGAGCTGCGTCC GGGTTCTATTTCTTATAGTGAACTCCGTCC GGGTTCTATTTCTTATAGTGAGCTTCGTCC	2	0.9909638554216867	AGGATGCTATGGGCAAACCTGTGCCATA CGCTATGGGCAAGCCTGTGCCATATTGT	{9217} {9221}
6.434322420167963	787	971	184	787	2	0.9909638554216867	TATGAACAAAACTGGAACACTAAGCATGGC TATGAACAACAATGGAACACTAAGCATGGC	941	5	0.9909638554216867	CCGGCAAATCTTGTGCTCCACTCTCTGACC CGGGCAAATCGATGTGCACTCTTTCTGAAC CGGGCAAGTCAATGTGCACTCTTTCCGAAC CGGGTAAGTCGATGTGCACTCTTTCCGAAC CGGGTAAGTCTATGTGCACTCTTTCTGAAC	2	0.9819277108433735	GATTGCATTAAAGATTTTCTCGCTCGCG TCACTCGTGAGCTCAATGGAGGTGCAGT	{913} {836}
6.451472960526725	9445	9690	245	9445	5	0.9909638554216867	CTACCAGTGGTAGATGGGTTCTTAATAATG CTACTAATGGCCGATGGGTTCTTAACAATG CTACTAATGGGCGGTGGGTTCTTAATAATG CTACTAGCGGTAGATGGGTTCTTAATAATG CTACTAGTGGTAGATGGGTACTTAACAATG	9660	2	0.9909638554216867	TTTGGTGAATACAACCATGTTGTTGCTGCC TTTGGTGAGTACAACCATGTTGTTGCTGCT	1	0.9849397590361446	GCAGGTGGTATTATTGCCATACTGGTGA	{9594}
6.451926590941621	517	708	191	517	5	0.9939759036144579	CCCTACGTGTTCATTAAACGATCTGAAGCT CCCTATGTGTTCATTAAACGATCTGAAGCC CCCTATGTGTTCATTAAACGATCTGATGCT CCCTATGTGTTCATTAAACGTTCTGACGCC CCCTATGTGTTCATTAAACGTTCTGATGCC	678	2	0.9909638554216867	TGTTCTTCTCCGTAAGAATGGTAATAAGGG TGTTCTTCTTCGTAAGAACGGTAATAAGGG	2	0.9879518072289156	CACAAGGTTGTGGAATTGGTTGCAGAAT CACTGGGAGTACTCGTGCCACATGTGGG	{565} {626}
6.451926590941621	7670	7861	191	7670	4	0.9909638554216867	GTGCATGATGTGCTACAAGCGCAATCGTGC TTGCATGATGTGCTACAAACGCAATCGTGC TTGCATGATGTGCTATAAGCGCAATCGTGC TTGCATGATGTGCTATAAGTGCAATCATGC	7831	3	0.9909638554216867	GTACATTCATTAGTGATGAAGTTGCTCGTG GTACTTTCATTAGCGACGAAGTAGCTCGTG GTACTTTCATTAGCGATGAGGTTGCTCGTG	2	0.9879518072289156	GAGGCCGTGGCTTCTGCAAGACTCACAA GTGGCTTCTGTAAGGCTCACAATTGGAA	{7765} {7771}
6.46670063353398	1206	1363	157	1206	5	0.9909638554216867	ATTTATGGGTCGCATTCGTACTGTGTATCA TTTCATGGGGCGCATCCGCTCTGTGTACTC TTTCATGGGGCGCATTCGCTCTGTGTACCC TTTCATGGGGCGTATACGCTCTGTGTACCC TTTCATGGGTAGAATTCGATCTGTCTATCC	1333	2	0.9909638554216867	AAAGCCACTTGTGAACATTGTGGCACTGAA AGAGCCACTTGCGAATTCTGTGGTACTGAA	3	0.9909638554216867	ATGAATGCAACGACATGCACTTGTCTGT CACTTGTCTACCTTGATGAAATGTAATC GCAGTTTCATGGCAGACGTGCGACTTTC	{1250} {1267} {1303}
6.499589493487164	4573	4709	136	4573	2	0.9909638554216867	GCTTGCTCATGCAGAGGAGACAAGAAAATT GCTTGCTCATGCTGAAGAGACAAGAAAATT	4679	5	0.9909638554216867	GGAATCGTGGATTACGGTGTCCGGTTCTTC GGAATCGTTGACTATGGTGTTCGGTTCTTT GGAATTGTTGACTATGGTGTCCGATTCTTC GGCATCGTTGACTATGGTGTCCGATTCTTC GGCATTGTTGACTATGGAGTCCGATTCTTC	4	0.9849397590361446	ATGCATGGATGTTAGAGCCATAATGGCA ATGCTTATTTGTATGGATGTTAAAGCCT GCATGGACATTAGAGCCATAATGGCTAC GCCTGGATGTTAGAGCTATAATGGCCAC	{4612} {4604} {4614} {4614}
6.501136002980723	8956	9124	168	8956	5	0.9909638554216867	CATGGTTTAGCCAGCGTGGTGGTTCATACA CATGGTTTAGCCAGCGTGGTGGTTCCTACA CTTGGTTTAGCCAACGCGGAGGATCCTATA CTTGGTTTAGCCAGCGTGGTGGTTCTTATA CTTGGTTTAGTCAGCGCGGTGGTAGCTATA	9094	2	0.9909638554216867	TGCATTTTCTACCTCGCGTTTTTAGTGCCG TGCATTTTCTACCTCGTGTTTTTAGTGCTG	3	0.9909638554216867	AGCTGCTATCATTACAAGAGAGATTGGT AGTGCCTGGTTTACCTGGTACTGTTTTG GCTGCCATCATTACTAGGGAGATTGGCT	{9011} {9044} {9012}
6.523948055426138	10086	10310	224	10086	4	0.9909638554216867	ACAAGTACAAGTATTTCAGTGGAGCCTTAG ACAAGTACAAGTATTTTAGCGGGGCCTTGG ATAAGTACAAGTATTTCAGTGGGGCCTTGG ATAAGTACAAGTATTTTAGTGGGGCCATGG	10280	3	0.9909638554216867	GAAGGATGCATGGTACAAGTCACCTGTGGA GAAGGGTGCATGGTACAAGTAACCTGTGGA GAAGGGTGCATGGTTCAAGTCACTTGTGGA	2	0.9849397590361446	CAACCAGTTATCGTGAAGCAGCTTGCTG TACTAGCTATCGTGAAGCAGCTTGCTGC	{10119} {10120}
6.542922044777588	4573	4807	234	4573	2	0.9909638554216867	GCTTGCTCATGCAGAGGAGACAAGAAAATT GCTTGCTCATGCTGAAGAGACAAGAAAATT	4777	5	0.9909638554216867	CACAATGCCAATTGGTTATGTGACACATGG CACAATGCCATTAGGATATGTGACGCACGG CACAATGCCGATAGGTTATGTGACACATGG TACTATGCCAATTGGTTATGTGACACATGG TACTATGCCCATAGGTTATGTGACACATGG	2	0.9879518072289156	ATTGTTGACTATGGAGTCCGATTCTTCT TTCTTTTTCTATACTAGCAAAGAGCCTG	{4682} {4703}
6.550207968360733	10450	10688	238	10450	5	0.9909638554216867	TGGCAATGTACAACTCCGAGTTATCGGCCA TGGCAATGTTCAACTTCGTGTTATTGGCCA TGGTAATGTCCAACTTCGTGTCATCGGCCA TGGTAATGTCCAACTTCGTGTTATTGGCCA TGGTAATGTTCAACTTCGTGTTATTGGCCA	10658	2	0.9939759036144579	TTCCTCAATGGGTCATGTGGTAGTGTTGGT TTCCTTAATGGATCATGTGGTAGTGTTGGT	2	0.9909638554216867	TGTCTGCTTAGGCTTAAAGTTGATACCT TTATCAGTGTGCCATGAGACCTAATCAT	{10493} {10615}
6.550207968360733	18451	18689	238	18451	3	0.9909638554216867	TGGTTACCCTAACATGTTCATCACCCGTGA TGGTTACCCTAACATGTTTATTACCCGTGA TGGTTACCCTAATATGTTTATCACCCGCGA	18659	4	0.9909638554216867	AATGCAAAACCTCCACCAGGTGACCAGTTT AATGCAAAACCTCCACCTGGTGATCAATTT AATGCAAAACCTCCTCCAGGTGACCAATTC AATGCAAAACCTCCTCCAGGTGATCAATTT	2	0.9849397590361446	CTGAGAACAACACGGAGTTCACTAGAGT GGAAGCTATTCGTCACGTTCGTGCATGG	{18630} {18481}
6.552003865708118	9628	9867	239	9628	3	0.9909638554216867	CTGCCTACTACTTTATGAAATTCAGACGTG CTGCCTACTATTTCATGAAGTTTAGACGTG CTGCTTACTACTTTATGAAATTCAGGCGTG	9837	4	0.9909638554216867	GGTTATGTTCACACCCTTAGTGCCTTTCTG TGCCATGTTTTCTCCAATCGTGCCTTTCTG TGCCATGTTTTCTCCTATTGTGCCTTTTTG TGCTATGTTTTCTCCCATTGTGCCTTTCTG	2	0.9819277108433735	ACCAGCTTACAGCTTTCTGCCGGGAGTC CACCTGCTTATAGCTTTTTGCCAGGAGT	{9734} {9733}
6.553085737400775	26112	26299	187	26112	4	0.9909638554216867	TGCTGGAAATGCAAGTCCAAGAACCCTCTT TGCTGGAAGTGCAAATCCAAAAACCCATTA TGCTGGAAGTGCAGATCCAAAAATCCATTA TGTTGGAAGTGCAAATCCAAGAACCCATTA	26269	3	0.9909638554216867	AAGACTACCAAATTGGCGGTTATTCCGAGA AAGACTACCAAATTGGTGGTTATTCTGAGG ATGACTACCAAATTGGTGGTTACACGGAAA	3	0.9819277108433735	CTGTATACCATATAACAGTGTCACAGAT GTTTGCTGGCATACATATAATTATGACT TTCGTATGTTGGCACACCAATTGCTTTG	{26192} {26163} {26160}
6.55733196905215	12521	12763	242	12521	3	0.9909638554216867	CAAGAGGGCAAAAGTAACTAGTGCTATGCA CAAGAGGGCAAAAGTTACTAGTGCAATGCA CAAGCGGGCAAAAGTAACTAGTGCAATGCA	12733	4	0.9909638554216867	ATGCATCAGCACTCTGGGAGATCCAGCAAG ATGCATCTGCACTCTGGGAAATCCAGCAAG ATGCATCTGCTCTCTGGGAAATTCAGCAAG ATGCGTCAGCACTCTGGGAAATTCAGCAAG	2	0.9819277108433735	ACTTATGGTTGTTGTCCCTGATTATGGT CATGGTTGTTGTGCCTGACTATGGAACC	{12668} {12671}
6.560835466635869	464	708	244	464	5	0.9909638554216867	GAACATGTGGCATTATCAGTCTCCAGAAGG GCACTTGTGGCTTAGTAGAAGTTGAAAAAG GCACTTGTGGCTTAGTAGAGCTGGAAAAAG GCACTTGTGGTCTAGTAGAGCTGGAAAAAG GCACTTGTGGTTTAGTGGAGCTGGAAAAAG	678	2	0.9909638554216867	TGTTCTTCTCCGTAAGAATGGTAATAAGGG TGTTCTTCTTCGTAAGAACGGTAATAAGGG	2	0.9909638554216867	CACTGGGAGTACTCGTGCCACATGTGGG TGTTCATTAAACGATCTGATGCTCTAAG	{626} {524}
6.567729642842771	9161	9409	248	9161	3	0.9909638554216867	GTATAGTGACTTTGCCACTTCTGCTTGTGT GTATAGTGATTTTGCTACCTCTGCTTGCGT GTATAGTGATTTTTCCACTTCTGCTTGCGT	9379	4	0.9909638554216867	CAACTTTTGATGCAGAGTACTGCCGTCATG CAACTTTTGATGCGGAGTACTGTAGGCATG CAACTTTTGATGCTGAGTACTGTAGACATG CAACTTTTGATGCTGAGTATTGCAGACATG	2	0.9909638554216867	ACCATTTTTAAGGACGCTATGGGTAAGC AGGATGCTATGGGCAAACCTGTGCCATA	{9207} {9217}
6.569430266661922	13700	13949	249	13700	2	0.9909638554216867	CCGTGCGGCACAGGCACTAGTACTGATGTC CCGTGCGGCACTGGTACTAGTACCGATGTC	13919	5	0.9909638554216867	GCCCAGCTGTTGCTGTGCATGACTTTTTCA GTCCAGCCGTCGCTGTTCATGACTTTTTCA GTCCAGCCGTTGCTGTTCATGACTTTTTCA GTCCAGCGGTTGCTGTCCATGACTTTTTCA GTCCAGCGGTTGCTGTTCATGATTTTTTCA	2	0.9879518072289156	ATTCCAGGAGAAGGATGAAGAAGGCAAT GAGAAGGATGAGGAAGGCAATTTATTAG	{13806} {13813}
6.582028706359163	18526	18725	199	18526	3	0.9909638554216867	GGGCTGTCATGCAACTAGAGATGCTGTGGG GGGTTGTCATGCAACAAGGGATGCTGTGGG GGGTTGTCATGCTACTAGAGATGCTGTAGG	18695	4	0.9909638554216867	CTTATACCACTAATGTACAAGGGCTTGCCC CTTATACCACTCATGTACAAAGGCTTGCCT CTTATACCACTCATGTATAAAGGCTTGCCC CTTATACCACTTATGTACAAAGGTTTGCCC	3	0.9879518072289156	AGAGTTAATGCAAGACCTCCACCAGGTG AGAGTTAATGCGAAACCTCCTCCAGGTG CTGAGAACAACACGGAGTTCACTAGAGT	{18653} {18653} {18630}
6.586608310503013	18583	18784	201	18583	3	0.9939759036144579	TTCAACAGGTGTTAACCTAGTAGCTGTACC TTCAACAGGTGTTAACCTAGTGGCCGTACC TTCTACAGGTGTTAACTTAGTAGCTGTACC	18754	4	0.9909638554216867	AATGCTCAGTGACACGCTGAAAGGATTATC AATGCTCAGTGATACACTGAAAGGATTGTC AATGCTCAGTGATACCCTGAAAGGATTATC AATGCTCAGTGATACGCTGAAAGGATTATC	3	0.9879518072289156	AGAGTTAATGCAAGACCTCCACCAGGTG AGAGTTAATGCGAAACCTCCTCCAGGTG CTGAGAACAACACGGAGTTCACTAGAGT	{18653} {18653} {18630}
6.602140537842753	1206	1414	208	1206	5	0.9909638554216867	ATTTATGGGTCGCATTCGTACTGTGTATCA TTTCATGGGGCGCATCCGCTCTGTGTACTC TTTCATGGGGCGCATTCGCTCTGTGTACCC TTTCATGGGGCGTATACGCTCTGTGTACCC TTTCATGGGTAGAATTCGATCTGTCTATCC	1384	2	0.9909638554216867	ACTACATGTGGGTACCTACCTACTAATGCT ACTACGTGTGGATACCTACCTGCTAATGCT	3	0.9789156626506024	ATGAATGCAACGACATGCACTTGTCTGT GTTTCATGGCAGACGTGCGACTTTCTGA TGTTGCATCTCCACAGGAGTGTAACAAC	{1250} {1306} {1236}
6.6691946961550475	19822	20011	189	19822	4	0.9939759036144579	CACCAGGTTACAGAGTTTAGAAAATGTGGC CACTAAGTTGCAGAGTTTAGAAAATGTGGC TACCAGGTTACAAAGCCTAGAAAATGTGGC TACCAGGTTACAGAGTTTAGAAAATGTGGC	19981	3	0.9969879518072289	TCCTGTGAATGTAGCGTTTGAGCTTTGGGC TCCTGTTAATGTGGCGTTTGAGCTTTGGGC TCCTGTTAATGTTGCATTTGAGCTTTGGGC	4	0.9879518072289156	GATGGACAAGCTGGTGAAGCGCCTGTTT GTGGAAATTTTCGAGAACAAGACAACAC TGATGGACAGACTGGTGAAACACCTGTG TGGAGATCTTTGAAAGTAAGACAACACT	{19880} {19952} {19879} {19953}
6.673672960526725	8879	9124	245	8879	5	0.9909638554216867	AGCCATTCAGGACGGTGTCACTCGTGATAT AGCCATTCAGGATGGTGTCACTCGTGACAT AGCTATCCAAGATGGTGTCACTCGTGACAT AGCTATCCAGGACGGTGTCACTCGTGACAT GGCTATTGATGGTGGTGTCACTCGTGACAT	9094	2	0.9909638554216867	TGCATTTTCTACCTCGCGTTTTTAGTGCCG TGCATTTTCTACCTCGTGTTTTTAGTGCTG	3	0.9909638554216867	AGCTGCTATCATTACAAGAGAGATTGGT AGTGCCTGGTTTACCTGGTACTGTTTTG GCTGCCATCATTACTAGGGAGATTGGCT	{9011} {9044} {9012}
6.682221916171137	25874	26124	250	25874	2	0.9909638554216867	TGCACTTCTTGCTGTTTTTCAAAGCGCTTC TGCATTTCTTGCTGTTTTTCAGAGCGCTAC	26094	5	0.9909638554216867	ATCATGAGATGCTGGCTGTGCTGGAAGTGC ATCATGAGATGCTGGCTTTGTTGGAAGTGC ATTATGAGATGCTGGCTTTGCTGGAAGTGC ATTATGAGATGTTGGCTTTGTTGGAAGTGC TTATTAAGGTGTTGGCTTTGCTGGAAATGC	3	0.9789156626506024	CAAAGTAATTGCGCTTCATAGAAGGTGG GCGCTCAATAAAAGATGGCAGCTAGCCC TGCGCTTCATAAGAGGTGGCAGCTCGCC	{25904} {25914} {25913}
6.740229730317068	20244	20465	221	20244	4	0.9969879518072289	GCACGTAATGGTGTTTTAATAACGGAAGGT GCCCGAAACGGTGTTTTAATAACAGAAGGT GCCCGTAATGGTGTTTTAATAACAGAAGGT GCTCGCAATGGTGTTTTAATAACAGAAGGT	20435	3	0.9969879518072289	TAGAGGACTTCAAACCCAGATCAAAAATGG TAGAGGATTTCAAGCCCAGGTCACAAATGG TAGAGGATTTTAAGCCCAGATCACAAATGG	4	0.9879518072289156	CAGTTAAAGGTTTAACATCATCAAAGGG GTCAAAGGTCTAACACCTTCAAAGGGAC GTTAAGGGCTTAACACCTTCGAAAGGAC TCAAGGGTTTAACACCATCTAAAGGACC	{20275} {20277} {20277} {20278}
6.757111090344213	459	639	180	459	4	0.9909638554216867	AAATGGCACTTGTGGCTTAGTAGAGCTGGA AAATGGCACTTGTGGTCTAGTAGAGCTGGA AAATGGCACTTGTGGTTTAGTAGAGCTGGA AAGTGGCACTTGTGGCATAGTAGAGCTGGA	609	3	0.9909638554216867	CGGTCGTAGCGGTACAACACTGGGAGTTCT CGGTCGTAGCGGTATAACACTGGGAGTACT CGGTCGTAGCGGTATAACTCTGGGAGTGCT	5	0.9819277108433735	ATGTGTTCATTAAACGATCTGAAGCCTT GTTCATTAAACGATCTGACGCTCAAGGC GTTCATTAAACGATCTGATGCTCTAAGC TGTTCATTAAACGTTCTGATGCCCAGGG TGTTCATTAAACGTTCTGATGCCTTAAG	{521} {525} {525} {524} {524}
6.7877643733214486	889	1015	126	889	4	0.9909638554216867	TGTGGCCCAGATGGCTACCCCCTTGAATGC TGTGGCCCAGATGGGTACCCTCTTGATTGC TGTGGCCCGGATGGGTATCCTCTTGAATGC TGTGGCCCTGATGGGTATCCTCTTGACTGC	985	4	0.9909638554216867	CAGTCTAAGAGAGGTGTGTACTGTTGCCGT GAATCGAAGAGAGGCGTCTACTGCTGCCGT GAATCGAAGCGTGGTGTCTATTGCTGCCGT GAGTCGAAGAGAGGTGTCTACTGCTGCCGT	1	0.9879518072289156	GCGGGCAAGTCAATGTGCACTCTTTCCG	{940}
6.793321916171137	1336	1586	250	1336	2	0.9909638554216867	GCCACTTGTGAACAATGTGGCACTGAAAAC GCCACTTGTGAACATTGTGGCACTGAAAAT	1556	5	0.9939759036144579	TTGCCTATGTTGGCTGCTACAACAAGCGTG TTGCCTATGTTGGCTGCTATAACAAGCGTG TTGCCTATGTTGGCTGCTATAATAAGCGTG TTGCTTATGTTGGTTGCTACAACAAGTGTG TTTCCTATGTTGGCTGCTATAACAAGCGTG	4	0.9789156626506024	AGGACTAGGTGTTTTGGAGGCTGTGTGT AGTCCGTGAAGGACCCACTACATGTGGG AGTGAGTGGAGGACCTACTACATGTGGG AGTTTGTGAAGGACCCACTACATGTGGA	{1528} {1368} {1368} {1368}
6.794868425664695	26919	27114	195	26919	4	0.9909638554216867	GGAACTTTAACATTGCTTATCATGGCAGAC GGAACTTTAACATTGCTTATCATGGCTGAG GGAACTTTAACATTGCTTGTCATGGCAGAG GGAACTTTAATTTTAGCCATGTCAGGTGAC	27084	3	0.9909638554216867	AAGCTAGTGTTTTTATGGCTGTTATGGCCT AAGCTTGTTTTCCTCTGGCTCTTGTGGCCA AAGCTTGTTTTCCTCTGGCTTTTATGGCCA	5	0.9789156626506024	ACTGTTGAAGAGCTTAAGCAGCTCTTGG ATCTAGTAATAGGTTTCATTTTCCTAGC GGACAATCTCCGTTGAGGAGCTTAAAAG GTTACTACAATTTGCCTATTCTAATCGG TTCATTTTCCTTGCCTGGATTATGTTAC	{26961} {26998} {26953} {27035} {27012}
6.832989493487165	7475	7611	136	7475	5	0.9909638554216867	CTCCGCCATAATGCAAGCGTTCTTTGGCTA CTCTGCTATAATGCAGGTGTTCTTTGGCTA GGCTGCAATCATGCAATTGTTTTTCAGCTA TTCAGCTATAATGCAGGTGTTCTTTGGCTA TTCCGCTATAATGCAGGTGTTTTTCGGCTA	7581	3	0.9909638554216867	GCAATGGTTAGGATGTACATCTTCTTTGCT GCAATGGTTAGGATGTACATTTTCTTCGCT GCTATGGTCAGGATGTACATTTTCTTTGCT	1	0.9819277108433735	CATTAGTATTGTACAAATGGCACCCGTT	{7550}
6.8906319690521505	25588	25830	242	25588	4	0.9909638554216867	GCTTTGTTGCATGACCAGCTGTTGCAGTTG GCTTTGTTGCATGACTAGTTGTTGCAGTTG GCTTTGTTGTATGACCAGCTGTTGCAGCTG TCTTTGTTACTTTACTAGCTGCTGCAGCTG	25800	3	0.9909638554216867	GCAAATTCTCTTCATGCTACGGCTACCATC GCAAGTACTGTTCATGCTACAGCAACGATA TCAGATTCTATTCGCGCTACTGCAACAATA	5	0.9819277108433735	CAGGGGTGCATGCTCTTGCGGTTCTTGC GGATCAATTACTGCACAGCCAGTAAAAA TCAAGGGTGCATGCTCTTGTGGTTCGTG TCAATCACACGTCAACCAAGTAAGATTG TCAATCACACGTCAACCGAGTAAGATTG	{25621} {25755} {25620} {25758} {25758}
6.951518128345179	1206	1321	115	1206	5	0.9909638554216867	ATTTATGGGTCGCATTCGTACTGTGTATCA TTTCATGGGGCGCATCCGCTCTGTGTACTC TTTCATGGGGCGCATTCGCTCTGTGTACCC TTTCATGGGGCGTATACGCTCTGTGTACCC TTTCATGGGTAGAATTCGATCTGTCTATCC	1291	3	0.9939759036144579	AACCATTGTGGTGAAACTTCATGGCAGACG AATCATTGCGATGAAGTTTCATGGCAGACG AATCATTGTGATGAAGCTTCTTGGCAGACG	3	0.9909638554216867	ATGAATGCAACGACATGCACTTGTCTGT CATGCATTTGTCTACCCTGATGAAATGT TGCTACTCCTCAAGAGTGCAACGACATG	{1250} {1263} {1239}
6.952416373031191	9161	9299	138	9161	3	0.9909638554216867	GTATAGTGACTTTGCCACTTCTGCTTGTGT GTATAGTGATTTTGCTACCTCTGCTTGCGT GTATAGTGATTTTTCCACTTCTGCTTGCGT	9269	5	0.9909638554216867	AGGTTCTATTTCTTACAGTGAACTCCGCCC GGGTTCTATTTCTTACAGTGAACTACGTCC GGGTTCTATTTCTTACAGTGAGCTGCGTCC GGGTTCTATTTCTTATAGTGAACTCCGTCC GGGTTCTATTTCTTATAGTGAGCTTCGTCC	2	0.9909638554216867	ACCATTTTTAAGGATGCTATGGGTAAGC AGGATGCTATGGGCAAACCTGTGCCATA	{9207} {9217}
6.974023285568201	20397	20575	178	20397	4	0.9909638554216867	ACAATTGCCTGAAACCTACTTTACACAGAG ACAGCTGCCAGAAACCTACTTCACTCAAAG ACAGTTGCCTGAAACCTACTTTACTCAGAG GCAATTGCCGGAAACCTACTTTACTCAAAG	20545	4	0.9909638554216867	TATGGAGACTTTAGTCATGGACAGCTTGGT TATGGAGATTTCAGTCATGGACAACTTGGC TATGGAGATTTCAGTCATGGCCAACTTGGT TATGGAGATTTTAGTCATGGACAACTTGGC	1	0.9939759036144579	CTCGAGCTCGCTATGGATGAATTCATAC	{20476}
7.005335466635868	18404	18556	152	18404	5	0.9939759036144579	CGAAGACTCATCTCTATGATGGGTTTTAAG CGCAGACTCATCTCTATGATGGGCTTCAAA CGTAGACTCATCTCCATGATGGGTTTTAAA CGTAGACTCATCTCTATGATGGGCTTTAAA CGTAGACTCATCTCTATGATGGGTTTCAAA	18526	3	0.9909638554216867	GGGCTGTCATGCAACTAGAGATGCTGTGGG GGGTTGTCATGCAACAAGGGATGCTGTGGG GGGTTGTCATGCTACTAGAGATGCTGTAGG	2	0.9879518072289156	CGAAGAAGCTATTCGTCACGTTCGTGCG GCGAAGAGGCCATTCGTCACGTTCGTGC	{18478} {18477}
7.007526590941621	7508	7699	191	7508	4	0.9909638554216867	TGCCAGTCATTTCATTAGCAATTCTTGGCT TGCTAGTCATTTCATCAGCAACTCATGGCT TGCTAGTCATTTCATCAGCAATTCTTGGCT TTCAACACATTTTGCTAGTGGTTCATGGCT	7669	4	0.9909638554216867	CGTGCATGATGTGCTACAAGCGCAATCGTG CTTGCATGATGTGCTACAAACGCAATCGTG CTTGCATGATGTGCTATAAGCGCAATCGTG CTTGCATGATGTGCTATAAGTGCAATCATG	1	0.9819277108433735	CATTAGTATTGTACAAATGGCACCCGTT	{7550}
7.057291578646307	9445	9658	213	9445	5	0.9909638554216867	CTACCAGTGGTAGATGGGTTCTTAATAATG CTACTAATGGCCGATGGGTTCTTAACAATG CTACTAATGGGCGGTGGGTTCTTAATAATG CTACTAGCGGTAGATGGGTTCTTAATAATG CTACTAGTGGTAGATGGGTACTTAACAATG	9628	3	0.9909638554216867	CTGCCTACTACTTTATGAAATTCAGACGTG CTGCCTACTATTTCATGAAGTTTAGACGTG CTGCTTACTACTTTATGAAATTCAGGCGTG	1	0.9849397590361446	GCAGGTGGTATTATTGCCATACTGGTGA	{9594}
7.085359093787734	7508	7735	227	7508	4	0.9909638554216867	TGCCAGTCATTTCATTAGCAATTCTTGGCT TGCTAGTCATTTCATCAGCAACTCATGGCT TGCTAGTCATTTCATCAGCAATTCTTGGCT TTCAACACATTTTGCTAGTGGTTCATGGCT	7705	4	0.9909638554216867	GAGTGGAATGCACTACCATAGTTAATGGCA GCGTTGAGTGTACAACTATTGTTAATGGCA GTGTTGAGTGCACAACCATAGTTAATGGCA GTGTTGAGTGTACAACTATTGTCAATGGCG	1	0.9819277108433735	CATTAGTATTGTACAAATGGCACCCGTT	{7550}
7.098426723086379	3578	3761	183	3578	5	0.9909638554216867	AAACATGGAGGAGGTGTTGCTGGAGCTTTA AAACATGGTGGTGGCGTAGCGGGTGCACTC AAACATGGTGGTGGTGTAGCAGGTGCACTC AAACATGGTGGTGGTGTAGCGGGTGCTCTT AAACATGGTGGTGGTGTAGCTGGTGCTCTA	3731	3	0.9909638554216867	GTTGTTGGACCTAACCTAAATGCAGGTGAG GTTGTTGGACCTAACTTAAATGCCGGTGAG GTTGTTGGCCCAAACCTAAATGCTGGTGAG	2	0.9909638554216867	ACCAATGGTGCCATGCAACAGGAGAGTG GGTCATGTTTGCTTTCTGGACACAACCT	{3617} {3684}
7.109389758004454	616	856	240	616	3	0.9909638554216867	AGCGGTACAACACTGGGAGTTCTCGTGCCA AGCGGTATAACACTGGGAGTACTCGTGCCA AGCGGTATAACTCTGGGAGTGCTCGTGCCA	826	5	0.9909638554216867	ACCCGTGAACTCAAGCGTGAGCTTAACGGA CTCCGCGAACTCATTCGTGAGCTCAACGGA CTCCGTGAACTCACTCGTGAGCTCAATGGA CTCCGTGAACTCATCCGTGAGCTCAATGGA CTCCGTGAACTCATTCGTGAGCTTAATGGA	1	0.9849397590361446	CCCATTGAAGATTATGAACAAAACTGGA	{775}
7.1112	3733	3857	124	3733	3	0.9909638554216867	TGTTGGACCTAACCTAAATGCAGGTGAGGA TGTTGGACCTAACTTAAATGCCGGTGAGGA TGTTGGCCCAAACCTAAATGCTGGTGAGGA	3827	5	0.9909638554216867	CTATCAGCTGGCATATTTGGTGCTAAACCA CTGTCTGCTGGCATCTTTGGTGTTGACCCC TTGTCAGCAGGCATATTTGGTGCTAAACCA TTGTCAGCTGGCATATTTGGTGCCAAACCA TTGTCAGCTGGTATATTTGGTGCTAAACCA	4	0.9849397590361446	AACTTTAATTCACAGGACGTATTACTTG AATTTCAATTCACAGGATGTATTACTTG CAGCTCCTTAAGGCAGCATACGAAAATT CAGCTTCTTAAGGCAGCATATGAAAATT	{3791} {3791} {3767} {3767}
7.116435466635869	2885	3037	152	2885	4	0.9909638554216867	TGCTTAATGAAAAGTGCTCTGTCTACACTG TGCTTAATGAGAAGTGCTCTGTGTATACTG TGCTTAATGAGAAGTGCTCTGTTTACACTG TGCTTAATGAGAAGTGTTCTGTCTACACTG	3007	4	0.9909638554216867	ATGGGTATTGACCTTGACGAGTGGAGTGTA ATGGGTATTGATCTTGATGAATGGAGTGTG ATGGGTATTGATCTTGATGAGTGGAGTGTA CTGGGCATTGATTTAGACGAGTGGAGTATG	3	0.9849397590361446	AGTCAGGTACAGAAGTGTCTGAATTTGC GAAGACTTTACAACCAGTTTCTGATCTC GAGGTTACTGAATTCGCATGTGTTGTTG	{2918} {2970} {2929}
7.119901087828205	25152	25398	246	25152	5	0.9909638554216867	CTTCCCTCGTGAAGGTGTTTTCGTTTCGAA CTTCCCTCGTGAAGGTGTTTTTGTATCTAA CTTCCCTCGTGAAGGTGTTTTTGTGTTTAA CTTTCCGCGTGAAGGTGTCTTTGTATCTAA TTTCCCTCGTGAAGGTGTCTTTGTGTCTAA	25368	3	0.9909638554216867	ATCACCAGATGTTGATCTTGGCGACATTTC ATCACCTGATGTTGATCTTGGCGACATTTC ATCACCTGATGTTGATCTTGGCGATATTTC	1	0.9819277108433735	TTCTTGGTTTATTACACAGAGGAACTTC	{25188}
7.139926686365171	28495	28695	200	28495	3	0.9909638554216867	CGAGGGCAATTCACCATTTCACCCTCTTGC CGAGGGCAATTCACCTTATCACCCTTTGGC TGAGGGCAATTCACCATTTCATCCCCTTGC	28665	5	0.9909638554216867	TATACTCACCTGTTTTCCTTATCGTTGCAG TCTACTCACCACTTTTTCTCATTGTTGCTG TCTACTCGCCACTTTTTCTCATTGTTGCTG TCTATTCACCACTTTTTCTCATTGTTGCCG TCTATTCGCCGCTTTTTCTCATTGTTGCTG	2	0.9789156626506024	ACGGTACTAGACATACCTATCAGTTGCG CTTTTGCTTGTGCTGACGGTACTCGACA	{28581} {28566}
7.164173533078032	9161	9372	211	9161	3	0.9909638554216867	GTATAGTGACTTTGCCACTTCTGCTTGTGT GTATAGTGATTTTGCTACCTCTGCTTGCGT GTATAGTGATTTTTCCACTTCTGCTTGCGT	9342	5	0.9909638554216867	CCTAACACCTACCTAGAAGGTTCTGTTAGA CCTAACACTTACCTGGAGGGTTCTGTTAGA CCTAACACTTACCTTGAGGGGTCTGTTAGA CCTAACACTTACTTGGAAGGTTCTGTTAGA CCTAATACCTATTTAGAGGGTTCTGTTAGG	2	0.9909638554216867	ACCATTTTTAAGGACGCTATGGGTAAGC AGGATGCTATGGGCAAACCTGTGCCATA	{9207} {9217}
7.170790556965433	612	781	169	612	3	0.9909638554216867	TCGTAGCGGTACAACACTGGGAGTTCTCGT TCGTAGCGGTATAACACTGGGAGTACTCGT TCGTAGCGGTATAACTCTGGGAGTGCTCGT	751	5	0.9909638554216867	TTAGGCGACGAGCTTGGTACTGATCCTATT TTAGGTGACGAGCTTAACACTGATCCCATT TTAGGTGACGAGCTTGGCACTGATCCCATT TTAGGTGACGTGCTTAACACTGATCCCGTT TTAGGTGTCGAGCTGGGCACTGATCCCATC	3	0.9819277108433735	CATAGCTTTGGCATCGATCTAAGGTCTT GCCACATGTGGGCGAAACCCCAGTTGCG GCTTTGGCATCGATCTAAAGTCTTATGA	{718} {642} {722}
7.227270128054923	8999	9189	190	8999	5	0.9939759036144579	CTGCCCAGTAGTAGCTGCTATCATTACTAG CTGCCCTGTAGTAGCAGCTATCATTACTAG CTGCCCTGTAGTAGCTGCTATCATTACAAG CTGCCCTGTTGTAGCTGCTATCATTACTAG TTGCCCATTGATAGCAGCTGTTATCACAAG	9159	3	0.9909638554216867	GAGTATAGTGACTTTGCCACTTCTGCTTGT GAGTATAGTGATTTTGCTACCTCTGCTTGC GAGTATAGTGATTTTTCCACTTCTGCTTGC	3	0.9849397590361446	AGTGCCTGGTTTACCTGGTACTGTTTTG CGGGTACTGTGCTGAGAGCAATCAATGG CGTGCCTGGATTACCTGGTACTGTGTTA	{9044} {9058} {9044}
7.275273533078033	6363	6574	211	6363	5	0.9909638554216867	ACACTACTCCACGAGTTTCAAGAAAGGTGC ACACTATTCAGCGAGTTTCAAGAAAGGTGC ACATTACACACCCGTTTTCAAGAAAGGTGC ACATTACTCAGCGAGTTTCAAGAAAGGTGC GCACTACACACCTTCTTTTAAGAAAGGAGC	6544	3	0.9909638554216867	CAAGGAATGGACAATCTTGCTTGTGAAAGT CAAGGAATGGATAATCTTGCTTGTGAAAGC CAGGGAATGGATAATCTTGCCTGTGAAGTT	3	0.9819277108433735	AAAACTGGTACATAAGCCAATTCTTTGG TCAAATTCATTTGAAGTTCTGGAAGTAG TCATTTGAAGTTCTGGCAGTAGAAGACA	{6393} {6508} {6514}
7.28776473040372	990	1207	217	990	4	0.9909638554216867	GAAGAGAGGTGTCTACTGCTGCCGTGAACA GAAGAGAGGTGTCTACTGCTGCCGTGACCA GAAGCGTGGTGTCTATTGCTGCCGTGAACA TAAGAGAGGTGTGTACTGCTGCCGTGAACA	1177	4	0.9909638554216867	CCAAGGGTTGAAAAGAAAAAGCTTGATGGT CCACGTGTTGAAAAGAAAAAGACTGAGGGT CCACGTGTTGACAAGAAAAAGACTGAAGGT CCGCGTGTTGAAAAGAAAAAGACTGAAGGT	3	0.9819277108433735	AAGTTTGTATTTCCTCTCAATTCTAAAG CCCGAAGTTCGTATTTCCTCTTAACTCA CGTTTAAAGAGGAATGCCCGAAGTTCGT	{1135} {1131} {1115}
7.31887439218088	8956	9189	233	8956	5	0.9909638554216867	CATGGTTTAGCCAGCGTGGTGGTTCATACA CATGGTTTAGCCAGCGTGGTGGTTCCTACA CTTGGTTTAGCCAACGCGGAGGATCCTATA CTTGGTTTAGCCAGCGTGGTGGTTCTTATA CTTGGTTTAGTCAGCGCGGTGGTAGCTATA	9159	3	0.9909638554216867	GAGTATAGTGACTTTGCCACTTCTGCTTGT GAGTATAGTGATTTTGCTACCTCTGCTTGC GAGTATAGTGATTTTTCCACTTCTGCTTGC	3	0.9909638554216867	AGCTGCTATCATTACAAGAGAGATTGGT AGTGCCTGGTTTACCTGGTACTGTTTTG GCTGCCATCATTACTAGGGAGATTGGCT	{9011} {9044} {9012}
7.320626723086379	20244	20427	183	20244	4	0.9969879518072289	GCACGTAATGGTGTTTTAATAACGGAAGGT GCCCGAAACGGTGTTTTAATAACAGAAGGT GCCCGTAATGGTGTTTTAATAACAGAAGGT GCTCGCAATGGTGTTTTAATAACAGAAGGT	20397	4	0.9909638554216867	ACAATTGCCTGAAACCTACTTTACACAGAG ACAGCTGCCAGAAACCTACTTCACTCAAAG ACAGTTGCCTGAAACCTACTTTACTCAGAG GCAATTGCCGGAAACCTACTTTACTCAAAG	4	0.9879518072289156	CAGTTAAAGGTTTAACATCATCAAAGGG GTCAAAGGTCTAACACCTTCAAAGGGAC GTTAAGGGCTTAACACCTTCGAAAGGAC TCAAGGGTTTAACACCATCTAAAGGACC	{20275} {20277} {20277} {20278}
7.348921916171137	6363	6613	250	6363	5	0.9909638554216867	ACACTACTCCACGAGTTTCAAGAAAGGTGC ACACTATTCAGCGAGTTTCAAGAAAGGTGC ACATTACACACCCGTTTTCAAGAAAGGTGC ACATTACTCAGCGAGTTTCAAGAAAGGTGC GCACTACACACCTTCTTTTAAGAAAGGAGC	6583	3	0.9909638554216867	AGTCTCTGAAGAAGTAGTGGAAAATCCTAC CACCTCTGAAGAAGTAGTGGAAAATCCTAC TGTCTCTGAAGAAGTAGTGGAAACTCCTAC	3	0.9849397590361446	CAACTTCTAATCCATTTGAAGTTTTGTG GTTCTGGCAGTAGAAGACACACAAGGAA TTTGAAGTTCTGGCAGTAGAAGACACAC	{6503} {6523} {6517}
7.352278667660241	9033	9189	156	9033	5	0.9909638554216867	ATTGGCTTCATCGTGCCTGGATTACCTGGT ATTGGCTTTATAGTGCCTGGCTTACCAGGT ATTGGTTTCATAGTGCCTGGCTTACCGGGT ATTGGTTTCATAGTGCCTGGTTTACCTGGT GTTGGCTTTGTTGTGCCCGGTTTACCTGGC	9159	3	0.9909638554216867	GAGTATAGTGACTTTGCCACTTCTGCTTGT GAGTATAGTGATTTTGCTACCTCTGCTTGC GAGTATAGTGATTTTTCCACTTCTGCTTGC	5	0.9819277108433735	AGAGCAATCAATGGTGACTTATTGCATT GTGCTGAGAGCAATCAATGGTGACTTCT GTGTTAAGAACAATTAATGGTGACTTTT TCTGAGAGCAATTAATGGAGACTTTTTG TGAGAGCACTTAATGGTGACTTTTTGCA	{9072} {9066} {9066} {9068} {9070}
7.35560063353398	9710	9867	157	9710	4	0.9909638554216867	GTCATTCACTGTACTCTGTTTAACACCAGT GTCTTTCACTATACTCTGTCTGGCACCAGC GTCTTTCACTATACTCTGTCTGGCACCTGC GTCTTTCACTATACTCTGTCTGGTACCAGC	9837	4	0.9909638554216867	GGTTATGTTCACACCCTTAGTGCCTTTCTG TGCCATGTTTTCTCCAATCGTGCCTTTCTG TGCCATGTTTTCTCCTATTGTGCCTTTTTG TGCTATGTTTTCTCCCATTGTGCCTTTCTG	5	0.9849397590361446	AGCTTTCTGCCGGGAGTCTACTCAGTCT AGCTTTTTGCCGGGGGTTTACTCTATCT GCTTCTTGCCAGGAGTCTATTCAGTCTT TATAGCTTCTTGCCAGGAGTTTATTCAG TATAGCTTTTTGCCAGGAGTTTATTCTG	{9744} {9744} {9745} {9741} {9741}
7.619016373031191	24402	24618	216	24402	5	0.9909638554216867	AGACTGTTTGGGTGGTATTAACGCAAGAGA CGAATGCCTAGGCGATATTAGTGCTAGAGA CGAATGCCTAGGTGATATTAATGCTAGAGA CGACTGTTTAGGTGGTATAAATGCTAGAGA TGACTGCCTAGGTGATGTTAGTGCTAGAGA	24588	3	0.9909638554216867	GCAAATGGCATATAGGTTCAATGGCATTGG GCAAATGGCTTATAGGTTTAATGGCATTGG GCAGATGGCATATAGGTTTAATGGCATTGG	6	0.9789156626506024	AGTGGTACTGCTACTGCTGGCTGGACGT GCAGAAGTTCAATGGACTCACTGTCCTT GCCTATACTGCAGCGCTCATTAGTGGCA GCGCAGAAGTTCAATGGACTTACAGTGT TGCCCAGAAGTTCAATGGACTTACTGTG TTCAATGGATTGACTGTTCTACCACCAT	{24523} {24444} {24502} {24442} {24441} {24451}
7.619116373031191	10090	10228	138	10090	5	0.9909638554216867	GTACAAGTATTTCAGTGGAGCCTTAGATAC GTACAAGTATTTCAGTGGGGCCTTGGACAC GTACAAGTATTTTAGCGGGGCCTTGGATAC GTACAAGTATTTTAGTGGAGCCATGGACAC GTACAAGTATTTTAGTGGAGCCTTAGACAC	10198	4	0.9939759036144579	CTACCAACCACCACAAACTTCAATCACATC CTACCAACCACCACAAACTTCAATTACTTC CTACCAACCACCACAGACATCAATCACTTC CTACCAACCACCACAGACTTCAATCACTTC	2	0.9849397590361446	AACCAGTTATCGTGAAGCAGCTTGCTGC TACTAGCTATCGTGAAGCAGCTTGCTGC	{10120} {10120}
7.6379950406914325	25152	25329	177	25152	5	0.9909638554216867	CTTCCCTCGTGAAGGTGTTTTCGTTTCGAA CTTCCCTCGTGAAGGTGTTTTTGTATCTAA CTTCCCTCGTGAAGGTGTTTTTGTGTTTAA CTTTCCGCGTGAAGGTGTCTTTGTATCTAA TTTCCCTCGTGAAGGTGTCTTTGTGTCTAA	25299	4	0.9909638554216867	CTATGATCCTCTGCAACCTGAGCTAGACTC TTATGACCCGCTCCAACCAGAGCTCGAGTC TTATGATCCTCTGCAACCTGAGCTTGACTC TTATGATCCTCTGCAGCCTGAACTTGACTC	1	0.9819277108433735	TTCTTGGTTTATTACACAGAGGAACTTC	{25188}
7.648771411322414	9559	9740	181	9559	5	0.9909638554216867	CTATTGGTGCTTTGGACATATCTGCATCTA CTGTCGGTGCTCTAGATGTGTCTGCTTCAG CTGTGGGTGCTTTAGATGTGTCTGCTTCAG CTGTGGGTGCTTTAGATGTTTCTGCTTCAG CTGTTGGTGCTTTAGATGTATCTGCTTCTG	9710	4	0.9909638554216867	GTCATTCACTGTACTCTGTTTAACACCAGT GTCTTTCACTATACTCTGTCTGGCACCAGC GTCTTTCACTATACTCTGTCTGGCACCTGC GTCTTTCACTATACTCTGTCTGGTACCAGC	1	0.9879518072289156	ATTATTGCCATATTGGTGACTTGTGCTG	{9603}
7.717643513028184	5200	5335	135	5200	4	0.9909638554216867	TGTCTATGACATACGGACAGCAGTTTGGTC TGTCTATGACATATGGACAGCAGTTTGGTC TGTCTATGACATATGGACAGCATTTCGGTC TGTCTATGACTTATGGACAACAGTTCGGTC	5305	5	0.9909638554216867	TACCTAGCGATGACACACTGCGTAGTGAAG TACCTAGTGACGATACACTACGTACGGAAG TACCTAGTGACGATACACTACGTAGTGAAG TACCTAGTGATGACACACTACGTAGTGAAG TACCTAGTGATGATACACTGCGTAGTGAAG	3	0.9849397590361446	AACCTCATGTAAATCATGAGGGTAAGAC AAGCATGAGGGTAAAACCTTCTTTGTAC CCACATGTTAATCATGAGGGTAAGACAT	{5266} {5277} {5268}
7.746248055426138	7475	7699	224	7475	5	0.9909638554216867	CTCCGCCATAATGCAAGCGTTCTTTGGCTA CTCTGCTATAATGCAGGTGTTCTTTGGCTA GGCTGCAATCATGCAATTGTTTTTCAGCTA TTCAGCTATAATGCAGGTGTTCTTTGGCTA TTCCGCTATAATGCAGGTGTTTTTCGGCTA	7669	4	0.9909638554216867	CGTGCATGATGTGCTACAAGCGCAATCGTG CTTGCATGATGTGCTACAAACGCAATCGTG CTTGCATGATGTGCTATAAGCGCAATCGTG CTTGCATGATGTGCTATAAGTGCAATCATG	1	0.9819277108433735	CATTAGTATTGTACAAATGGCACCCGTT	{7550}
7.7518232855682	4337	4456	119	4337	5	0.9909638554216867	TAATACCCTCCAAAAAGGCTGGTGGCACTA TAATACCTGCCAAGAAGGCTGGCGGTACTA TAATACCTGCTAAGAAGGCTGGTGGTACTA TAATACCTGCTAAGAAGTCGGGTGGGACTA TTTTACCTAGTAAATCTGCTGGTGGTACTG	4426	4	0.9909638554216867	CCCGGACAAGGATGTGCTGGTTATACACTC CCCGGTCAAGGTTGTGCTGGTTATACACTT CCTGGACAAGGATGTGCTGGTTATACACTT CCTGGTCAGGGTTTAAATGGTTACACTGTA	4	0.9759036144578314	AAGGCATTAAAGAAAGTGCCAGTGTGTG GAGATGCTCTCAAGAGCTTTGAAGAAGG GCAAGAGCACTAAAGGAAGTCCCAGTTG TTGCCAAGGCATTAAAGAAGGTGCCAGT	{4381} {4369} {4378} {4376}
7.759871411322414	3676	3857	181	3676	4	0.9909638554216867	AGTAGGAGGGTCTTGTTTGCTTTCTGGACA AGTAGGTGGTTCATGTTTGCTTTCTGGACA AGTGGGAGGTTCATGTTTGCTTTCTGGACA AGTTGGAGGCTCATGTTTGCTTTCTGGACA	3827	5	0.9909638554216867	CTATCAGCTGGCATATTTGGTGCTAAACCA CTGTCTGCTGGCATCTTTGGTGTTGACCCC TTGTCAGCAGGCATATTTGGTGCTAAACCA TTGTCAGCTGGCATATTTGGTGCCAAACCA TTGTCAGCTGGTATATTTGGTGCTAAACCA	2	0.9789156626506024	AATTTGGCTAAGAAGTGTATGCATGTTG GACCTAACCTAAATGCAGGTGAGGACAT	{3707} {3738}
7.783135466635868	9496	9740	244	9496	5	0.9909638554216867	GAGTATTCTGTGGTGTTGATGCAATGAATC GAGTCTTTTGTGGTGTTGATGCCATGAATC GAGTTTTCTGTGGAGTCGATGCTATGAATC GAGTTTTCTGTGGTGTCGATGCTATGAACC GAGTTTTCTGTGGTGTTGATGCGATGAATC	9710	4	0.9909638554216867	GTCATTCACTGTACTCTGTTTAACACCAGT GTCTTTCACTATACTCTGTCTGGCACCAGC GTCTTTCACTATACTCTGTCTGGCACCTGC GTCTTTCACTATACTCTGTCTGGTACCAGC	1	0.9849397590361446	GCAGGTGGTATTATTGCCATACTGGTGA	{9594}
7.802014134296108	3577	3706	129	3577	5	0.9909638554216867	GAAACATGGTGGTGGTGTAGCAGGTGCACT GAAACATGGTGGTGGTGTAGCGGGCGCTCT GAAACATGGTGGTGGTGTAGCGGGTGCACT GAAACATGGTGGTGGTGTAGCTGGTGCTCT TAAACATGGAGGAGGTGTTGCTGGAGCTTT	3676	4	0.9909638554216867	AGTAGGAGGGTCTTGTTTGCTTTCTGGACA AGTAGGTGGTTCATGTTTGCTTTCTGGACA AGTGGGAGGTTCATGTTTGCTTTCTGGACA AGTTGGAGGCTCATGTTTGCTTTCTGGACA	4	0.9728915662650602	ACTAATGGTGCCATGCAGAAGGAGAGTG ATGGCGCCATGCAACAGGAGAGTGATGG GTGATTACATTAAGCTAAATGGCCCTCT TGGTGCTATGCAGAATGAGAGTGATGAA	{3617} {3621} {3645} {3622}
7.822437705370951	4292	4456	164	4292	5	0.9909638554216867	ACATAGTGGGTGATGTCATCACTAGTGGTG ACATGGTAGGTGATGTTATCACTAGTGGTG ATATTGTAGGTGATGTCATCAGTAGTGGTG ATATTGTTGGTGATGTCATCACTAGTGGTG ATGTAGTAGGTGATGTCATCACTAGTGGTG	4426	4	0.9909638554216867	CCCGGACAAGGATGTGCTGGTTATACACTC CCCGGTCAAGGTTGTGCTGGTTATACACTT CCTGGACAAGGATGTGCTGGTTATACACTT CCTGGTCAGGGTTTAAATGGTTACACTGTA	3	0.9759036144578314	ACCTGCGTTGTAATACCTTCTAAGAAGG ACTTGTGTCATAATACCTGCTAAGAAGT GAGATGCTCTCAAGAGCTTTGAAGAAGG	{4327} {4327} {4369}
7.876226723086378	20546	20729	183	20546	4	0.9909638554216867	ATGGAGACTTTAGTCATGGACAGCTTGGTG ATGGAGATTTCAGTCATGGACAACTTGGCG ATGGAGATTTCAGTCATGGCCAACTTGGTG ATGGAGATTTTAGTCATGGACAACTTGGCG	20699	5	0.9909638554216867	ACAGGTTCATCAAAATGTGTCTGCTCTGTT ACAGGTTCATCAAAATGTGTGTGTTCTGTG ACAGGTTCGTCAAAATGTGTGTGCTCTGTC ACGGGTTCATCTAAGTGTGTATGCTCTGTT ACTGGTGCTTCAAAATGTGTTTGCTCTGTT	3	0.9909638554216867	ACTTCATCTAATGATAGGTCTTGCCAAG ATGATTGGTCTAGCCAAGCGCTCACAAG ATTTAATGATAGGCTTAGCCAAGCGCTC	{20577} {20587} {20582}
7.879985705661206	28459	28695	236	28459	4	0.9909638554216867	GGTGTTATTAAGTGAACCTTGCTCCCCTAA TGTACTACTAAAAGAACCTTGCCCATCAGG TGTACTACTAAAAGAACCTTGCCCATCTGG TGTACTATTAGAAGAACCTTGCCCATCAGG	28665	5	0.9909638554216867	TATACTCACCTGTTTTCCTTATCGTTGCAG TCTACTCACCACTTTTTCTCATTGTTGCTG TCTACTCGCCACTTTTTCTCATTGTTGCTG TCTATTCACCACTTTTTCTCATTGTTGCCG TCTATTCGCCGCTTTTTCTCATTGTTGCTG	2	0.9789156626506024	ACGGTACTAGACATACCTATCAGTTGCG CTTTTGCTTGTGCTGACGGTACTCGACA	{28581} {28566}
7.968643377117346	943	1032	89	943	5	0.9909638554216867	GGCAAATCGATGTGCACTCTTTCTGAACAA GGCAAATCTTGTGCTCCACTCTCTGACCAA GGCAAGTCAATGTGCACTCTTTCCGAACAA GGTAAGTCGATGTGCACTCTTTCCGAACAA GGTAAGTCTATGTGCACTCTTTCTGAACAA	1002	5	0.9909638554216867	CTACTGCTGCCGTGAACATGAACATGAAAT CTACTGCTGCCGTGAACATGAGCATGAAAT CTACTGCTGCCGTGACCATGAGCATGAAAT CTACTGCTGCCGTGGCCACGAGCATGAAAT GTACTGCTGCCGTGAACATGAGCATGAAAT	2	0.9819277108433735	CTTGATTACATCGAGTCGAAGAGAGGTG CTTGATTTCATTGAATCGAAGCGTGGTG	{973} {973}
8.00183196905215	25536	25687	151	25536	4	0.9909638554216867	CTGGCTTGGCTTTATAGCAGGGTTAGTAGG TTGGCTCGGCTTCATCGCCGGACTAATTGC TTGGCTCGGCTTCATTGCTGGACTAATTGC TTGGCTCGGCTTTATTGCTGGACTGATTGC	25657	5	0.9909638554216867	CGATGAAGACGACTCTGAGCCTGTGCTCAA TGATGAAGATGACTCTGAGCCTGTGCTCAA TGATGAGGACGACTCCGAGCCAGTGCTTAA TGATGAGGACGACTCTGAGCCAGTGCTCAA TGATGAGGATGACTCTGAGCCAGTTCTCAA	5	0.9789156626506024	CTGTAAAGGCATGTGTTCCTGTGGTTCT GCTGTAAAGGCATGTGCTCCTGTGGTTC TAAAGGGTGCATGCTCTTGTGGTTCCTG TGCCTCAGGGGTGCATGCTCTTGCGGTT TGCTGTAAAGGCATGTGCTCTTGTGGTT	{25618} {25617} {25620} {25616} {25616}
8.008801087828203	7964	8210	246	7964	4	0.9909638554216867	CAAGGCTGGTCAAAAGACCTATGAGAGACA TAAGGCTGGCCAAAAGACTTATGAGAGGCA TAAGGCTGGTCAAAAGACTTACGAGAGACA TAAGGCTGGTCAAAAGACTTATGAGAGACA	8180	5	0.9909638554216867	CAGACGTTGGAGATAGTACTGAAGTTTCCG CAGATGTTGGAGATAGTACTGAAGTTTCTG CAGATGTTGGTGATAGCACTGAAGTTTCTA CGGATGTTGGTGATAGTACCGAGGTTTCTG CTGATGTTGGTGACAGTGCAGAAGTTGCAG	3	0.9879518072289156	ATGAGTCAGCTGCTAAATCTGCTTCTGT ATTCTGTTGCTTGACCAAGCTCTTGTAT CCTATTCTGTTGCTTGACCAAGCTCTCA	{8096} {8152} {8149}
8.237821916171136	18856	19106	250	18856	4	0.9939759036144579	ACCTGAAAGAACGTGTTGTCTGTGCGACAA ACCTGAAAGAACGTGTTGTCTGTGCGACAG ACCTGAAAGAACGTGTTGTCTGTGTGACAA GCCTGAAAGAACGTGTTGTCTGTGTGACAG	19076	5	0.9909638554216867	ATGACTAGATGCTTAGCAATCCATGAGTGC ATGACTAGATGCTTGGCAGTCCATGAGTGC ATGACTAGATGTCTCGCAGTCCATGAGTGC ATGACTAGATGTCTTGCAGTCCACGAGTGC ATGACTAGATGTTTAGCAGTCCATGAGTGC	5	0.9789156626506024	AGTGGGGCTTTACGGGTAACCTTCGGAG CGTGCGACTTGTTTCTCTACTTCATCTG CTTCATCAGATACTTATGCTTGTTGGAG TGTTTTTCTACTTCATCAGACAATTATG TTCATCTGATACTTATGCCTGTTGGAAT	{18987} {18887} {18906} {18896} {18907}
8.2906942636812	8956	9072	116	8956	5	0.9909638554216867	CATGGTTTAGCCAGCGTGGTGGTTCATACA CATGGTTTAGCCAGCGTGGTGGTTCCTACA CTTGGTTTAGCCAACGCGGAGGATCCTATA CTTGGTTTAGCCAGCGTGGTGGTTCTTATA CTTGGTTTAGTCAGCGCGGTGGTAGCTATA	9042	5	0.9909638554216867	ATAGTGCCTGGCTTACCAGGTACTGTGTTG ATAGTGCCTGGCTTACCGGGTACTGTGCTG ATAGTGCCTGGTTTACCTGGTACTGTTTTG ATCGTGCCTGGATTACCTGGTACTGTGTTA GTTGTGCCCGGTTTACCTGGCACAATATTA	3	0.9909638554216867	AGCCGCTATCATTACTAGAGAAATTGGT AGCTGCTATCATTACAAGAGAGATTGGT CTGCCATCATTACTAGGGAGATTGGCTT	{9011} {9011} {9013}
8.39601812834518	4777	4892	115	4777	5	0.9909638554216867	CACAATGCCAATTGGTTATGTGACACATGG CACAATGCCATTAGGATATGTGACGCACGG CACAATGCCGATAGGTTATGTGACACATGG TACTATGCCAATTGGTTATGTGACACATGG TACTATGCCCATAGGTTATGTGACACATGG	4862	5	0.9909638554216867	GTCTCTGTTTCTTCACCAGATGCTGTTACA GTGTCAGTATCATCACCAGATGCTGTTACT GTGTCAGTATCATCACCTGATGCCGTCACT GTGTCAGTTTCTTCACCAGATGCTGTCACT GTTTCAGTGTCTTCACCAGACGCAGTTACT	4	0.9879518072289156	ACCTAGAAGAGGCCGCGCGCTGTATGCG TAACCTCGAAGAGACCGCGCGCTGTATG TTTAATCTTGAAGAGGCTGCGCGCTGTA TTTTAATCTTGAAGAAGCAGCGCGCTGC	{4812} {4810} {4808} {4807}
8.426571411322415	4680	4861	181	4680	5	0.9909638554216867	GAATCGTGGATTACGGTGTCCGGTTCTTCT GAATCGTTGACTATGGTGTTCGGTTCTTTT GAATTGTTGACTATGGTGTCCGATTCTTCT GCATCGTTGACTATGGTGTCCGATTCTTCT GCATTGTTGACTATGGAGTCCGATTCTTCT	4831	5	0.9909638554216867	CTGCATGCGCTCTCTTAAAGCTCCTGCTGT CTGTATGCGCTCCCTCAAGGCACCTGCTGT CTGTATGCGTTCTCTTAAAGCTCCTGCCGT GTACATGAGGTCTCTCAAAGTACCGGCTAC TTGTATGCGCTCTCTTAAAGCTCCTGCTGT	2	0.9789156626506024	ACTTGTTACTATGCCCATAGGTTATGTG GCCAATTGGTTATGTGACACATGGTTTT	{4771} {4783}
8.46638272883383	9045	9242	197	9045	5	0.9909638554216867	GTGCCTGGATTACCTGGTACTGTGTTAAGA GTGCCTGGCCTACCGGGTACTGTTTTGCGA GTGCCTGGCTTACCAGGTACTGTGTTGAGA GTGCCTGGCTTACCGGGTACTGTGCTGAGA GTGCCTGGTTTACCTGGTACTGTTTTGAGA	9212	5	0.9909638554216867	CTTTAAAGATGCTTCTGGTAAACCAGTACC CTTTAAGGATGCTATGGGTAAGCCTGTGCC TTTCAAAGATGCTATGGGTAAGCCTGTGCC TTTTAAGGATGCTATGGGCAAACCTGTGCC TTTTAAGGATGCTATGGGTAAGCCTGTGCC	2	0.9849397590361446	CCATCTAAACTCATTGAGTATAGTGATT TTGCTACACACCTTCCAAACTCGTTGAG	{9144} {9134}
8.499689493487166	4680	4892	212	4680	5	0.9909638554216867	GAATCGTGGATTACGGTGTCCGGTTCTTCT GAATCGTTGACTATGGTGTTCGGTTCTTTT GAATTGTTGACTATGGTGTCCGATTCTTCT GCATCGTTGACTATGGTGTCCGATTCTTCT GCATTGTTGACTATGGAGTCCGATTCTTCT	4862	5	0.9909638554216867	GTCTCTGTTTCTTCACCAGATGCTGTTACA GTGTCAGTATCATCACCAGATGCTGTTACT GTGTCAGTATCATCACCTGATGCCGTCACT GTGTCAGTTTCTTCACCAGATGCTGTCACT GTTTCAGTGTCTTCACCAGACGCAGTTACT	2	0.9789156626506024	ACTTGTTACTATGCCCATAGGTTATGTG GCCAATTGGTTATGTGACACATGGTTTT	{4771} {4783}
8.501236002980722	1878	2046	168	1878	5	0.9909638554216867	AGGAGCTTGGAACATTGGACAACAGCGGTC AGGAGCTTGGAACATTGGACAGCAAAAATC AGGTGCTTGGAACATTGGACAACAAAAATC AGGTGCTTGGAACATTGGACAACAGAGATC TGGCGCTTGGAACATAGGTTCTAACAAGAC	2016	5	0.9909638554216867	AGCAGCTGTCACCACTCTTGATGGTATTTC AGCAGCTGTCACCATACTTGATGGTATTTC AGCAGCTGTCACCATCCTCGGTGACATTTC AGCAGCTGTCACCATCCTTGATGGCATTTC AGCAGCTGTTACCATCCTTGATGGTATTTC	3	0.9819277108433735	CCACTGTATGGTTTCCCCTCACAGGCTG CCACTGTGTGGTTTTCCCTCACAGGCTG TGTGGATTTCCATCACAGGCTGCTGGTG	{1918} {1918} {1924}
8.567983757168363	8879	9072	193	8879	5	0.9909638554216867	AGCCATTCAGGACGGTGTCACTCGTGATAT AGCCATTCAGGATGGTGTCACTCGTGACAT AGCTATCCAAGATGGTGTCACTCGTGACAT AGCTATCCAGGACGGTGTCACTCGTGACAT GGCTATTGATGGTGGTGTCACTCGTGACAT	9042	5	0.9909638554216867	ATAGTGCCTGGCTTACCAGGTACTGTGTTG ATAGTGCCTGGCTTACCGGGTACTGTGCTG ATAGTGCCTGGTTTACCTGGTACTGTTTTG ATCGTGCCTGGATTACCTGGTACTGTGTTA GTTGTGCCCGGTTTACCTGGCACAATATTA	3	0.9909638554216867	AGCCGCTATCATTACTAGAGAAATTGGT AGCTGCTATCATTACAAGAGAGATTGGT CTGCCATCATTACTAGGGAGATTGGCTT	{9011} {9011} {9013}
8.595675799801318	8180	8385	205	8180	5	0.9909638554216867	CAGACGTTGGAGATAGTACTGAAGTTTCCG CAGATGTTGGAGATAGTACTGAAGTTTCTG CAGATGTTGGTGATAGCACTGAAGTTTCTA CGGATGTTGGTGATAGTACCGAGGTTTCTG CTGATGTTGGTGACAGTGCAGAAGTTGCAG	8355	5	0.9909638554216867	CAGCCCGTCAAGGTGTTGTAGACACTGATG CAGCTCGCCAAGGGTTTGTTGATTCAGATG CCGCACGCCAAGGTGTCGTTGATACTGATG CTGCCCGACAAGGTGTTGTTGATACCGATG CTGCCCGTCAAGGTGTTGTTGATACTGATG	3	0.9879518072289156	GTCGATACTTTTTCAGCAACTTTCAGTG GTGTTCCTATGGAAAAACTTAAGGCACT TCGGCAACTTTTAGTGTCCCAATGGAAA	{8230} {8255} {8242}
8.646666666009796	9220	9450	230	9220	5	0.9909638554216867	ACGCTATGGGTAAGCCTGTGCCATATTGTT ATGCCATGGGTAAACCTGTGCCGTACTGCT ATGCCCAAGGCAAGCCTGTGCCATATTGTT ATGCTATGGGCAAACCTGTGCCATATTGTT ATGCTATGGGTAAGCCTGTGCCATACTGTT	9420	5	0.9909638554216867	AGATCAGAAGCTGGTATTTGCTTATCTACC AGATCAGAGGCTGGCATTTGTGTATCTACT AGGTCAGAAGCTGGTATTTGCCTGTCTACT AGGTCAGAAGTAGGTATTTGCCTATCTACC AGGTCAGAAGTTGGTGTGTGCTTATCTACT	3	0.9819277108433735	AGTGAACTCCGTCCTGACACCCGTTATG TGAGCTTCGTCCAGACACTCGTTATGTG TTTGATGCAGAGTACTGCCGTCATGGCA	{9285} {9287} {9384}
8.648546828807646	8676	8907	231	8676	5	0.9909638554216867	CATGTGCAACCACTAGACAAGTTGTTAATG CCTGTGCTACTACTAGACAGGTTGTCAATG CTTGTGCCACAACTAGGCAAGTTGTCAATG CTTGTGCTACAACTAGACAGGTTGTCAATG CTTGTGCTACTACTAGGCAAGTTGTCAATG	8877	5	0.9909638554216867	AAAGCCATCCAAGATGGTGTCACTCGTGAC AAAGCCATTCAGGACGGTGTCACTCGTGAT AAAGCCATTCAGGATGGTGTCACTCGTGAC AAAGCTATCCAGGACGGTGTCACTCGTGAC AAGGCTATTGATGGTGGTGTCACTCGTGAC	3	0.9879518072289156	GTAAAGTCATTAGTACTTGGTTTAAATT GTAAGATTGTTAGTACTTGGTTTAAACT TAAGGTTGGTAGTACGTGGTTCAAACTT	{8736} {8736} {8737}
8.680630266661922	4337	4586	249	4337	5	0.9909638554216867	TAATACCCTCCAAAAAGGCTGGTGGCACTA TAATACCTGCCAAGAAGGCTGGCGGTACTA TAATACCTGCTAAGAAGGCTGGTGGTACTA TAATACCTGCTAAGAAGTCGGGTGGGACTA TTTTACCTAGTAAATCTGCTGGTGGTACTG	4556	5	0.9909638554216867	TGGAACCTACGTGAAATGCTTGCTCATGCA TGGAACTTGCGAGAGATGCTCGCACATGCA TGGAATTTAAGAGAGATGCTTGCCCATGCA TGGAATTTAAGGGAAATGCTTGCTCATGCT TGGAATTTGAGAGAAATGCTTGCTCATGCT	3	0.9759036144578314	AAGGCATTAAAGAAAGTGCCAGTGTGTG GAAATGCAAATCTGCATTTTATGTACTA TTTTACGTGCTACCTTCAGAAACACCTA	{4381} {4480} {4496}
