cost	target-start	target-end	target-length	left-primer-start	left-primer-num-primers	left-primer-frac-bound	left-primer-target-sequences	right-primer-start	right-primer-num-primers	right-primer-frac-bound	right-primer-target-sequences	num-guides	total-frac-bound-by-guides	guide-target-sequences	guide-target-sequence-positions
2.979211090344213	12293	12473	180	12293	1	1.0	TTCTGGTAGTGGTCAGGCTATTACTAGTAC	12443	1	1.0	AGTGCCTATAGGTACAAATGACCCTATAAG	1	1.0	TTTTGTCAGTATAAAGGCAAGTGGGTAC	{12414}
3.1509757998013184	12443	12648	205	12443	1	1.0	AGTGCCTATAGGTACAAATGACCCTATAAG	12618	1	1.0	ATGGTACAGACATAGATTATTGTGTCCGTG	2	1.0	TACATGTGACCGGACTGCTATCCAAAGT TTTTGTCTTGAAAATACTGTTTGCAGAG	{12530} {12474}
3.2320643733214482	12380	12473	93	12380	2	1.0	CAGAGCACATGTTGCACATCCAACCATGGA CAGGGCACATGTGGCACACCCAACTATGGA	12443	1	1.0	AGTGCCTATAGGTACAAATGACCCTATAAG	1	1.0	TTTTGTCAGTATAAAGGCAAGTGGGTAC	{12414}
3.234229642842771	15799	16047	248	15799	1	1.0	GGAGATTGTAGGTCCTAAGGAACTTTTGCT	16017	1	1.0	TGACTTCTCATAATGTTGCTCCACTTAGAG	2	1.0	CTCCAAGTTTCAAGTTGGGGAATTTGTG GAAAGTAGATTATGGTTCTGATACGGTG	{15904} {15937}
3.2904942636811993	26681	26769	88	26681	1	1.0	GTTTCAGACTTTTCCGACGTGCTCGAACTT	26739	2	1.0	AATCACAGTCACAACCGTGCTGGGACAGAC AATCACTGTCACAACCGTGTTGGGACAGAC	2	1.0	TTTGGGCATGGAACCCGGAAGTGAATGC TTTGGGCATGGAATCCTGAGGTTAATGC	{26711} {26711}
3.4204729313414406	7586	7688	102	7586	2	1.0	GCGCGCTGGTGCTAAGACTGTTAATGCTAA GCGTGCAGGTGCTAAGGTTGTTAATGCCAA	7658	1	1.0	GGATTTTAACAGTCTTTCTGCTGAAGGTCG	2	1.0	GACAAAAGACCAAACACCTATTGTCTGG GACAAAGGATCAAACTCCTATTGTTTGG	{7622} {7622}
3.5607354666358684	12278	12384	106	12278	1	1.0	GATGTTGACTAATGGTTCTGGTAGTGGTCA	12354	2	1.0	GGAGGTGCATCTGTTTGTATTTACTGCAGG GGTGGCGCTTCTGTTTGTATTTATTGCAGA	3	1.0	CACTATAGACTCTAATACAACACAGGAT GGCTATTACTAGTACCATTGATTCTAAC GGCTATTACTAGTACTATTGACTCTAAT	{12320} {12308} {12308}
3.615090556965433	26845	27014	169	26845	2	1.0	CATAGAATCGCTTCAGGTATTCAGGTTCAT CATAGATTGGCTTCAGGTGTTCAGGTTCAT	26984	1	1.0	GAGTAAAACACGGTGACTTTTCTGCAGTGA	1	1.0	CTGAACACATGACAGTTGCCGTGCCGAG	{26882}
3.650216028494806	17023	17169	146	17023	2	1.0	CGTAGCTATTACAAGGGCTAAGAAGGGTAT CGTTGCCATTACTAGAGCAAAGAAAGGCAT	17139	1	1.0	GTGGTTTGTTTAAAGATTGTGCACGTAACC	2	1.0	CTTTTGTATCATGTCAGATAAGAGTTTG TGCACTTAAATTCTTTGAAATCACTATG	{17053} {17086}
3.653922044777587	12443	12590	147	12443	1	1.0	AGTGCCTATAGGTACAAATGACCCTATAAG	12560	2	1.0	TGATAACAGTTATTTAAACGAGTCAGGGGC TGATAGCAGTTATTTAAACGAGTCCGGGGC	2	1.0	TACATGTGACCGGACTGCTATCCAAAGT TTTTGTCTTGAAAATACTGTTTGCAGAG	{12530} {12474}
3.6888006335339796	5746	5903	157	5746	2	1.0	AACGTGACGGTGTGCAAGTTGGTTACTGTG AACGTGATGGTGTGCAAGTTGGTTATTGTG	5873	1	1.0	TTTGAGTGGTGTTGCTTACACTGCTTTTTC	2	1.0	ACCATGGTGTTAAGTATTACTCACGAGT CCCATGGTATTAAGTACTATTCACGTGT	{5776} {5776}
3.7594468288076466	16938	17169	231	16938	2	1.0	ATTCTGCTCAAGGCAGTGAATATGACTATG ATTCTGCTCAAGGTAGCGAGTATGACTATG	17139	1	1.0	GTGGTTTGTTTAAAGATTGTGCACGTAACC	1	1.0	TTATATTCGCACAGACATCAGATACTGC	{16968}
3.770501953228442	12293	12530	237	12293	1	1.0	TTCTGGTAGTGGTCAGGCTATTACTAGTAC	12500	2	1.0	AGTCTGTGGTTGCTGGCTCAATCATGGTTG AGTTTGTGGTTGTTGGCTTAATCATGGCTG	1	1.0	TTTTGTCAGTATAAAGGCAAGTGGGTAC	{12414}
3.7758897580044537	12233	12473	240	12233	2	1.0	TGATGCTGTTAAACAAGGCGCAAAACCTGT TGATGCTGTTAGACAAGGTGCAAAACCCGT	12443	1	1.0	AGTGCCTATAGGTACAAATGACCCTATAAG	1	1.0	TTTTGTCAGTATAAAGGCAAGTGGGTAC	{12414}
3.7777	17140	17328	188	17140	1	1.0	TGGTTTGTTTAAAGATTGTGCACGTAACCC	17298	2	1.0	TGGGTTTCAGGTTTGATGTTAGTATGCCTG TGGGTTTTAGATTTGATGGTAGTTTGCCTG	2	1.0	ACTACTTATCTATCATTGTCTGATAGAT TTTGCCACCTAGCCATGCCACTACGTAT	{17195} {17176}
3.813223411032158	11245	11448	203	11245	2	1.0	CATCATCTTTTGTTGGTATGCCGTCTTTCA CATCGTCTTTTGTTGGTATGCCATCTTTTG	11418	1	1.0	AGAATGGCTGAACAAGCTGCTGCAGCTATG	2	1.0	GACAGGAGTATGAAAACGCAGTTGCAAA GAGTATGAAAATGCTGTTGCAAATGGTT	{11293} {11298}
3.8390548428519353	15832	16047	215	15832	2	1.0	ATGGGAAAGTGGAAAAGCCAAACCACCGTT ATGGGAAAGTGGAAAAGCCAAACCGCCATT	16017	1	1.0	TGACTTCTCATAATGTTGCTCCACTTAGAG	2	1.0	CTCCAAGTTTCAAGTTGGGGAATTTGTG GAAAGTAGATTATGGTTCTGATACGGTG	{15904} {15937}
3.8610337616452863	26988	27214	226	26988	1	1.0	AAAACACGGTGACTTTTCTGCAGTGAGCTC	27184	2	1.0	CTTGGAAAGTGATACCACGTGACTTGGTAC CTTGGAAGGTGATACCTCGTAATTTGGTAC	2	1.0	ACGTGGTCGTCAGGGCAGAATACCTTAT CAACATGTCAGAAAATGAAAGATTGCTT	{27119} {27027}
3.8682110903442126	12440	12530	90	12440	2	1.0	ACAAGTGCCTATAGGTACAAATGACCCTAT CCAAGTGCCTATAGGTACGAATGACCCTAT	12500	2	1.0	AGTCTGTGGTTGCTGGCTCAATCATGGTTG AGTTTGTGGTTGTTGGCTTAATCATGGCTG	1	1.0	AAGATTTTGTCTTGAAAATACTGTTTGT	{12470}
3.8889	16938	17030	92	16938	2	1.0	ATTCTGCTCAAGGCAGTGAATATGACTATG ATTCTGCTCAAGGTAGCGAGTATGACTATG	17000	2	1.0	GCTTGTAATGCCAACCGTTTTAACGTAGCT GCTTGTAATGCCAATCGTTTTAACGTTGCC	1	1.0	TTATATTCGCACAGACATCAGATACTGC	{16968}
4.0754146706409635	15605	15827	222	15605	2	1.0	GGTTTGTACAAAAGTTCTGCGCTGGGTTCC GGTTTGTACAAAAGTTCTGCTTTGGGTTCC	15797	1	1.0	AAGGAGATTGTAGGTCCTAAGGAACTTTTG	4	1.0	AATAAGCTTTCTACTTCTGATTGGTCTG CAAGTTGGCTAATGAAGCTAAGGAGTCA GCTAATGATGCAAAAGAGTCACTAAGGT GTAGACGTAGATGTTTTTAATAAGCTCT	{15653} {15694} {15701} {15635}
4.095709836406473	16903	17024	121	16903	2	1.0	TGCTAGACTTTTGGGTTTGCAAACTCAAAC TGCTAGGCTTTTAGGTTTACAAACTCAGAC	16994	2	1.0	GCTCACGCCTGTAATGCCAATCGTTTTAAC GCTCATGCTTGTAATGCCAATCGTTTTAAC	1	1.0	ATGTTATATTCGCACAGACATCAGATAC	{16965}
4.106051599001682	26891	27014	123	26891	3	1.0	TGACAGTTGCCGTGCCGAGCACTACTATAA TGACAGTTGCCGTGCCGAGTACTACTATAA TGTCGGTTGCCGTGCCGAGCACTACTATTA	26984	1	1.0	GAGTAAAACACGGTGACTTTTCTGCAGTGA	1	1.0	TTTATAGTAGAGTCGGAAGGTCCGTAAA	{26921}
4.117972960526724	13812	14057	245	13812	1	1.0	CTCAAGGGTTTTTCGATGAAGGTTCAGAAT	14027	2	1.0	AACCTTAATAAAAGCGCTGGTTGGCCCCTT AACCTTAATAAGAGTGCTGGTTGGCCACTT	4	1.0	AGACCTACTATGCTGGATATTGGACAGG ATGTTAGATATAGGACAAGCACGTGTAG TGTATTACATCTAGAGAGGTGGTTGTTA TGTTGGATATAGGCCAAGCTCGTGTAGC	{13916} {13925} {13997} {13926}
4.161743925003942	11423	11536	113	11423	1	1.0	GGCTGAACAAGCTGCTGCAGCTATGTATAA	11506	3	1.0	TACTCTTTGGCATGCTCCGACGATTGGACA TACTCTTTGGCATGCTCCGTAGGTTGGACA TACTCTTTGGCATGCTCCGTCGTTTGGACA	2	1.0	TCAAAAGTTGTTAGTGCAATGCATAGTT TGCAGTCAATAGAAAATCAAAGGTTGTT	{11478} {11462}
4.2171515990016815	26726	26849	123	26726	2	1.0	CGGAAGTGAATGCAATCACAGTCACAACCG CTGAGGTTAATGCAATCACTGTCACAACCG	26819	2	1.0	TGAGCGGCGTGCTTTACGTGGACGGACATA TGAGCGGTGTTCTTTACGTGGACGGCCATA	2	1.0	TGCTGGGACAGACGTACTACCAACCCAT TGCTGGGACAGACTTACTACCAACCTAC	{26756} {26756}
4.247688527362399	12380	12538	158	12380	2	1.0	CAGAGCACATGTTGCACATCCAACCATGGA CAGGGCACATGTGGCACACCCAACTATGGA	12508	2	1.0	GTTGCTGGCTCAATCATGGTTGTACTTGTG GTTGTTGGCTTAATCATGGCTGTACATGTG	1	1.0	TTTTGTCAGTATAAAGGCAAGTGGGTAC	{12414}
4.259957335320482	19659	19755	96	19659	2	1.0	AACCATGGAGATGGATGCTATGGTGTAAAG AACCATGGCGATGGATGCTTTGGTGTAAAG	19725	2	1.0	GTGCAGAATGGAAATGCGGATATTCTATGC GTGCAGAATGGAAATGTGGTTACTCTATGC	4	1.0	AATGCCGTTGCTACATTCTATCCTCAGT CAATGCTGTTGCCACTTTTTACCCTCAA TGCCGTTGCTACATTCTACCCGCAATTG TTCTGTTGCCACATTCTATCCTCAATTG	{19691} {19690} {19693} {19693}
4.269805354025412	15937	16102	165	15937	2	1.0	GAAAGTAGATTATGGTTCTGATACGGTGAC GAAAGTGGATTATGGCTCTGACACGGTGAC	16072	2	1.0	ATACTCCACCATTTACAAGTTGCATCCATC ATATTCCACCATTTACAAGTTGCACCCATC	1	1.0	TATTTTGACTTCTCATAATGTTGCGCCA	{16012}
4.281479969342407	17964	18101	137	17964	2	1.0	CCGTCTATGACTGTTTTGTTAAGAATGTGG CTGTGTATGACTGCTTTGTTAAGAATGTGG	18071	2	1.0	ATGCGCGCTGCTATTAAGTTGTACAATCCT ATGCGTGCTGCTATTAAATTGTACAACCCT	2	1.0	ATTGGTCAATTACCTATCCTATGATAGC CCTACGATAGCTAATGAAAATGCCATAA	{17994} {18011}
