cost	target-start	target-end	target-length	left-primer-start	left-primer-num-primers	left-primer-frac-bound	left-primer-target-sequences	right-primer-start	right-primer-num-primers	right-primer-frac-bound	right-primer-target-sequences	num-guides	total-frac-bound-by-guides	guide-target-sequences	guide-target-sequence-positions
2.5126942636811997	30888	30976	88	30888	1	0.9909638554216867	ATTCCATGAGTGGAGCTTCTGCTGATTCAA	30946	1	0.9939759036144579	ACAAGGCAGATGGGCTATGTAAACGTTTTC	1	0.9909638554216867	CTCAGGCATAAACACTCATGATGACCAC	{30918}
2.534811090344213	30665	30755	90	30665	1	0.9909638554216867	GGAGCCATTAAATTGGATGACAAAGATCCA	30725	1	0.9939759036144579	AAGCACATTGACGCATACAAAACATTCCCA	1	0.9909638554216867	CAATTCAAAGACAACGTCATACTGCTGA	{30695}
2.7232360029807228	30897	31011	114	30897	1	0.9909638554216867	GTGGAGCTTCTGCTGATTCAACTCAGGCAT	30981	1	0.9939759036144579	TCCGTTTACGATACATAGTCTACTCTTGTG	1	0.9849397590361446	AAACACTCATGATGACCACACAAGGTAG	{30927}
2.801814134296109	27469	27598	129	27469	1	0.9909638554216867	ATTACAAATTAGGAGCGTCGCAGCGTGTAG	27568	1	0.9909638554216867	CCGGTAGCAACGACAATATTGCTTTGCTAG	1	0.9849397590361446	GCACTGATTCAGGTTTTGCTGCATACAA	{27499}
2.8516681611474057	30577	30694	117	30577	1	0.9939759036144579	ACAATTTGCTCCAAGTGCCTCTGCATTCTT	30664	1	0.9939759036144579	TGGAGCCATTAAATTGGATGACAAAGATCC	2	0.9939759036144579	CACCTTCGGGAACATGGCTGACTTATCA CACCTTCGGGAACTTGGCTGACTTATCA	{30636} {30636}
2.9220738099539405	29703	29834	131	29703	1	0.9939759036144579	GCATTACATTTGGTGGACCCACAGATTCAA	29804	1	0.9909638554216867	AATACTGCGTCTTGGTTCACAGCTCTCACT	2	0.9879518072289156	GACGCAATGGGGCAAGGCCAAAACAGCG TAACCAGGATGGAGGACGCAGTGGTGTA	{29754} {29740}
2.939443925003943	30743	30909	166	30743	1	0.9939759036144579	AAAACATTCCCACCAACAGAGCCTAAAAAG	30879	1	0.9909638554216867	AACTTCAAAATTCCATGAGTGGAGCTTCTG	1	0.9879518072289156	GCGGCTGACATGGATGATTTCTCCAGAC	{30851}
2.973823285568201	30577	30755	178	30577	1	0.9939759036144579	ACAATTTGCTCCAAGTGCCTCTGCATTCTT	30725	1	0.9939759036144579	AAGCACATTGACGCATACAAAACATTCCCA	1	0.9939759036144579	CTTCGGGAACATGGCTGACTTATCATGG	{30639}
2.997385737400775	30154	30341	187	30154	1	0.9969879518072289	AACAACATTGCCAAAAGGCTTCTACGCAGA	30311	1	0.9909638554216867	ACTGCCCTCGCGCTATTGCTGCTAGACAGA	1	0.9819277108433735	TGCTCGAATGGCTAGCGGAGGTGGTGAA	{30283}
3.030908310503012	29962	30163	201	29962	1	0.9939759036144579	AATGAAAGAGCTCAGCCCCAGATGGTACTT	30133	1	0.9939759036144579	CGTGCTACAACTTCCTCAAGGAACAACATT	1	0.9879518072289156	ATTACCTAGGAACTGGCCCAGAAGCTTC	{29994}
3.0851590937877345	30743	30970	227	30743	1	0.9939759036144579	AAAACATTCCCACCAACAGAGCCTAAAAAG	30940	1	0.9939759036144579	GACCACACAAGGCAGATGGGCTATGTAAAC	1	0.9879518072289156	GCGGCTGACATGGATGATTTCTCCAGAC	{30851}
3.1091897580044536	30665	30905	240	30665	1	0.9909638554216867	GGAGCCATTAAATTGGATGACAAAGATCCA	30875	1	0.9909638554216867	AGACAACTTCAAAATTCCATGAGTGGAGCT	1	0.9909638554216867	CAATTCAAAGACAACGTCATACTGCTGA	{30695}
3.1793942636811994	30253	30341	88	30253	2	0.9909638554216867	AACGCCTAGCAGTAGCAGAGGTTCATCACC AACTCCTGGCAGCAGTAGGGGAAATTCTCC	30311	1	0.9909638554216867	ACTGCCCTCGCGCTATTGCTGCTAGACAGA	1	0.9819277108433735	TGCTCGAATGGCTAGCGGAGGTGGTGAA	{30283}
3.1906433771173464	27444	27533	89	27444	2	0.9969879518072289	GTGGCTACATCACGAACGCTTTCTTATTAC GTGGCTACATCCCGGATGCTTTCTTATTAC	27503	1	0.9909638554216867	TGATTCAGGTTTTGCTGCATACAACCGCTA	1	0.9939759036144579	AAATTAGGAGCGTCGCAGCGTGTAGGCA	{27474}
3.2015110903442126	29962	30052	90	29962	1	0.9939759036144579	AATGAAAGAGCTCAGCCCCAGATGGTACTT	30022	2	0.9969879518072289	ACTTCCCTACGGCGCTAACAAAGAAGGCAT ACTTCCCTATGGTGCTAATAAAGAAGGCAT	1	0.9879518072289156	ATTACCTAGGAACTGGCCCAGAAGCTTC	{29994}
3.20757439218088	29703	29936	233	29703	1	0.9939759036144579	GCATTACATTTGGTGGACCCACAGATTCAA	29906	1	0.9939759036144579	GACCAAATTGGCTACTACCGAAGAGCTACC	2	0.9909638554216867	ACTCAGCATGGCAAGGAGGAACTTAGAT TAACCAGGATGGAGGACGCAGTGGTGTA	{29831} {29740}
3.2875647304037194	30388	30605	217	30388	1	0.9909638554216867	AGGCCAAACTGTCACTAAGAAATCTGCTGC	30575	1	0.9939759036144579	GCACAATTTGCTCCAAGTGCCTCTGCATTC	3	0.9849397590361446	CAAAAAGCCTCGCCAAAAGCGTACGGCA CCAAAAACGTACTGCCACAAAACAGTAC TCGACAAAAACGTACTGCAACCAAACAG	{30427} {30439} {30436}
3.3487219161711366	30388	30638	250	30388	1	0.9909638554216867	AGGCCAAACTGTCACTAAGAAATCTGCTGC	30608	1	0.9939759036144579	GGAATGTCACGCATTGGCATGGAAGTCACA	3	0.9849397590361446	CAAAAAGCCTCGCCAAAAGCGTACGGCA CCAAAAACGTACTGCCACAAAACAGTAC TCGACAAAAACGTACTGCAACCAAACAG	{30427} {30439} {30436}
3.362026686365171	29805	29900	95	29805	1	0.9909638554216867	ATACTGCGTCTTGGTTCACAGCTCTCACTC	29870	2	0.9909638554216867	CAGGGAGTTCCTATCAACACCAATAGTGGC CAGGGCGTTCCAATCAACACCAATAGTGGT	2	0.9909638554216867	AGCATGGCAAGGAGGAACTTAGATTCCC AGCATGGTAAGGAAGGACTCAAATTCCC	{29835} {29835}
3.412748055426138	27127	27228	101	27127	2	0.9909638554216867	GCTTTGTGCTTGCTGCTGTTTACAGAATTA GTTTTGTGCTTGCTGCTGTCTACAGAATTA	27198	1	0.9909638554216867	GTAGGCTTGATGTGGCTTAGCTACTTCGTT	2	0.9819277108433735	GGCGGGATTGCGACTGCAATGGCTTGTA GTGACTGGCGGGATTGCGATTGCAATGG	{27168} {27162}
3.434222420167963	30787	30909	122	30787	2	0.9939759036144579	GACTGATGAAGCTCAGCCTTTGCCGCAGAG GGCTGATGAACTTCAGGCTTTACCGCAGAG	30879	1	0.9909638554216867	AACTTCAAAATTCCATGAGTGGAGCTTCTG	1	0.9879518072289156	GCGGCTGACATGGATGATTTCTCCAGAC	{30851}
3.469888527362399	1500	1609	109	1500	1	0.9909638554216867	CATTGAAACTCGACTCCGCAAGGGAGGTAG	1579	2	0.9909638554216867	AAGCGAGCCTACTGGGTCCCTCGTGCTAGT AAGCGTGCCTACTGGGTTCCTCGTGCTAGT	2	0.9819277108433735	CTAGATGTTTTGGAGGCTGTGTGTTTGC GACTAAGTGTTTTGGAGGCTGTGTATTT	{1532} {1530}
3.515932422683972	30665	30805	140	30665	1	0.9909638554216867	GGAGCCATTAAATTGGATGACAAAGATCCA	30775	2	0.9909638554216867	CAAAAAGAAAAAGACTGATGAAGCTCAGCC CAAAAAGAAGAAGGCTGATGAAGTACAGCC	1	0.9909638554216867	CAATTCAAAGACAACGTCATACTGCTGA	{30695}
3.5796141342961088	12890	13019	129	12890	1	0.9909638554216867	ACTGAGTCCAGTAGCACTACGACAGATGTC	12989	2	0.9909638554216867	GGGAGGTAGATTTGTGCTAGCATTATTATC GGGAGGTAGGTTTGTGCTGGCATTACTATC	2	0.9909638554216867	CGGCTGGTACAACACAAACAGCTTGTAC TGCAGCTGGTACTACGCAAACAGCTTGT	{12925} {12923}
3.596940417140111	29962	30125	163	29962	1	0.9939759036144579	AATGAAAGAGCTCAGCCCCAGATGGTACTT	30095	2	0.9909638554216867	CACATTGGCACCCGCAATCCTAATAACAAT CACATTGGCACGCGTAATCCCAACAACAAC	1	0.9879518072289156	ATTACCTAGGAACTGGCCCAGAAGCTTC	{29994}
3.60003770537095	30388	30500	112	30388	1	0.9909638554216867	AGGCCAAACTGTCACTAAGAAATCTGCTGC	30470	2	0.9909638554216867	GTCACCCAAGCTTTTGGGCGACGTGGTCCA GTCACTCAAGCATTTGGGAGACGTGGTCCA	3	0.9849397590361446	CAAAAAGCCTCGCCAAAAGCGTACGGCA CCAAAAACGTACTGCCACAAAACAGTAC TCGACAAAAACGTACTGCAACCAAACAG	{30427} {30439} {30436}
3.6426729313414405	1386	1530	144	1386	2	0.9909638554216867	TACATGTGGGTACCTACCTACTAATGCTGT TACGTGTGGATACCTACCTGCTAATGCTGT	1500	1	0.9909638554216867	CATTGAAACTCGACTCCGCAAGGGAGGTAG	2	0.9909638554216867	AGCATAGTGTTGCTGACTACCACAACCA CCTGAGCATAGTGTTGCAGATTATCACA	{1466} {1462}
3.651209836406473	12989	13110	121	12989	2	0.9909638554216867	GGGAGGTAGATTTGTGCTAGCATTATTATC GGGAGGTAGGTTTGTGCTGGCATTACTATC	13080	1	0.9939759036144579	ACAGAACTGGAACCACCTTGTAGGTTTGTT	3	0.9849397590361446	AGACCATCAAGATCTCAAATGGTCTAGA CACCAGGACCTCAAGTGGGCTAGATTCC CTAAGAGTGATGGTACAGGTACAGTTTA	{13019} {13023} {13051}
3.651209836406473	27351	27533	182	27351	2	0.9939759036144579	GTAATTGGAGCTGTGATCCTTCGTGGACAT GTCATTGGTGCTGTGATCATTCGTGGTCAC	27503	1	0.9909638554216867	TGATTCAGGTTTTGCTGCATACAACCGCTA	1	0.9939759036144579	AAATTAGGAGCGTCGCAGCGTGTAGGCA	{27474}
