cost	target-start	target-end	target-length	left-primer-start	left-primer-num-primers	left-primer-frac-bound	left-primer-target-sequences	right-primer-start	right-primer-num-primers	right-primer-frac-bound	right-primer-target-sequences	num-guides	total-frac-bound-by-guides	guide-target-sequences	guide-target-sequence-positions
2.5126942636811997	489	577	88	489	1	1.0	AGCCGTAAAGTCCGGTACGGCAATTTTAAT	547	1	1.0	TTTCCTAAAGGGTATGTTATGGGCTTGTTC	1	1.0	TAAATCACCTTTGCATAGCTTGGGTGGT	{519}
2.5126942636811997	1001	1089	88	1001	1	1.0	GTGACTTTGATATTGTAGTGGCTTGGCATG	1059	1	1.0	CCTGCAGACTATAGCTACTATTTGTGGTAT	1	1.0	TAGTTCGTGATTCACGATTTGTTATGCG	{1031}
2.5126942636811997	1322	1410	88	1322	1	1.0	ATGGTTGGGTTTCAGGTAATATGATGGATG	1380	1	1.0	TTATGACTCTAGCGAAGTTAAAGCCCAATC	1	1.0	GTTTTTCTTGTCCATTGTGTTGTACAGT	{1352}
2.5126942636811997	2905	2993	88	2905	1	1.0	TTATTTGATGAGGCTGGTGATGAAGCAATG	2963	1	1.0	TTGAGGATGTTGAAGACGTTATCAGTAGTG	1	1.0	GCCTCTCGTATGTATTGTACTTTTGCTA	{2935}
2.5126942636811997	29465	29553	88	29465	1	1.0	CCTCAAGGCTATTATGTTGAAGGCTCAGGA	29523	1	1.0	CACGTTCTCAATCACGTGGACCCAATAATC	1	1.0	AGGTCTGCTTCTAATAGCCGGCCAGGTT	{29495}
2.5239433771173467	2609	2698	89	2609	1	1.0	AGGCTTGGCGTTTTCCATGTGCAGGTAGAA	2668	1	1.0	ATGGAGATTCCGTCTTTGATGACAGTTAAG	1	1.0	AAGTTAATTTTAACGAGAAACCTGTTGT	{2639}
2.565364373321448	2541	2634	93	2541	1	1.0	CATGGGTAAGTGTGGTGATAAATTTTTCCC	2604	1	1.0	AGATCAGGCTTGGCGTTTTCCATGTGCAGG	1	1.0	TCATGAATGATAAAAATATTTGTCTTTT	{2576}
2.5842266863651715	1257	1352	95	1257	1	1.0	GTGTGATTGTGGTTTTGTTATGCAGTATGG	1322	1	1.0	ATGGTTGGGTTTCAGGTAATATGATGGATG	1	1.0	AGATTGTTTTAATGATAATTGTGATTTT	{1293}
2.5932573353204815	1730	1826	96	1730	1	1.0	GTAGGCAACTGTTGCTTAATAGAGGTGATT	1796	1	1.0	AGCGTCGTGCTGATTTTGCTTGCAAGTTTG	1	1.0	GCTTTTAAAAAATATTGACTTGTTTGTT	{1767}
2.6020405378427527	4638	4735	97	4638	1	1.0	GATGACAATTTTTGTGCTTTTTGCACCCCT	4705	1	1.0	ACGTTTGTCATTCTGTAGCTGTTATAGGTG	1	1.0	TTTTATTGCTGCATGTGCTGTGGATGTA	{4676}
2.6020405378427527	29537	29634	97	29537	1	1.0	CGTGGACCCAATAATCGTTCATTAAGTAGA	29604	1	1.0	AACCTGATATGGCTGATGAGATTGCTAATC	1	1.0	TCTAATTTTAGACATTCAGATTCTATAG	{29573}
2.6105894934871645	2343	2441	98	2343	1	1.0	CGTTAGTACAGGGTTAATTCCTGGTTTTGT	2411	1	1.0	TTGAAGGCGTTGCAGAATCTGTTATAGTAG	1	1.0	GTAATGCACAGGAACAACAAATTTATTT	{2381}
2.6502160284948064	2769	2872	103	2769	1	1.0	GGGTGTTACTGTAGATGATTTTGTTGCTGT	2842	1	1.0	CATCCAGTGGTTGGTTATCAAGTTCGTGCA	1	1.0	AGAGAATGCTTTAAACTCTTGTAAAGAG	{2814}
2.6502160284948064	6910	7013	103	6910	1	1.0	CTGGTGATGTTGTTTTGGCATCTGATGATT	6983	1	1.0	GCCTGTTATTTGGTTTTGTCATGATGAAGC	1	1.0	ATGTGAAACGTTATTTTAAAGGATGTGA	{6943}
2.685478667660241	4599	4707	108	4599	1	1.0	GCAGCGGACTTACCTTGTACATTACATTTT	4677	1	1.0	TTTATTGCTGCATGTGCTGTGGATGTAAAC	1	1.0	TCATTATTTGATGACAATTTTTGTGCTT	{4629}
2.6920885273623996	9273	9382	109	9273	1	1.0	CCCTTTTCACTTAAAGGAGGTGTTGTATTG	9352	1	1.0	TATTGTGGGCTTTACTGCCTACATATAGTG	1	1.0	AGTAATTTGTTATATATATTATTTTTTA	{9303}
2.6985648453679434	2921	3031	110	2921	1	1.0	GTGATGAAGCAATGGCCTCTCGTATGTATT	3001	1	1.0	GAAGATACTATTGATGGTGTCGTTGAAGAC	1	1.0	GTACTTTTGCTATTGAGGATGTTGAAGA	{2951}
2.7111377053709504	1790	1902	112	1790	1	1.0	TTGTTAAGCGTCGTGCTGATTTTGCTTGCA	1872	1	1.0	TCCCCGTAGTTATTATCTAATTCAGAGTGG	1	1.0	AGTTTGCAGTTTGTGGAGATGGTTTTGT	{1820}
2.7172439250039426	2846	2959	113	2846	1	1.0	CAGTGGTTGGTTATCAAGTTCGTGCATTTT	2929	1	1.0	GCAATGGCCTCTCGTATGTATTGTACTTTT	1	1.0	ATGTTGTTTATTTATTTGATGAGGCTGG	{2894}
2.7405681611474058	892	1009	117	892	1	1.0	GACCAGTATGGTTGTGACTATTCTGGTAAA	979	1	1.0	CAGTCTGTATGGCTTGCCAATTGTGACTTT	1	1.0	TTAGCAGATTGTCTTCAAGCTTATGGTC	{922}
2.757011090344213	566	686	120	566	1	1.0	TGGGCTTGTTCCGTTCATACAAGACTAAAC	656	1	1.0	TGGGTTGGATTGTACCTTTTGGTTTTATGC	1	1.0	GTTATGTTGTACATCATCTTTCTATGAC	{596}
2.7675224201679636	1002	1124	122	1002	1	1.0	TGACTTTGATATTGTAGTGGCTTGGCATGT	1094	1	1.0	ATGTTGCACAACCTACAGAAGATGTAGTAG	1	1.0	AGTTCGTGATTCACGATTTGTTATGCGC	{1032}
2.7777	11391	11515	124	11391	1	1.0	GTTATTGCTTGGCTCTATGCAGCTATACTT	11485	1	1.0	TGGCAAATGGTTTTAGCCAAGTAAAAGCAG	1	1.0	GTGCTTGGTTTGTACAAAATGATGTTTG	{11428}
2.782670128054922	1409	1534	125	1409	1	1.0	CATCTGGTGTTATTCCTGAAAATCCTGTGT	1504	1	1.0	CCATTTGGTTCTTGTATATATTGGTCGCCG	1	1.0	CATGATTCTTTTAATTTGTATGGTTATT	{1468}
2.7875643733214486	8637	8763	126	8637	1	1.0	GAGAGTGATGCTGATAGAGCTAATTTTCTG	8733	1	1.0	ACTACAGCTTGTAATGGTATCTCTGTAACC	1	1.0	CAATCATTGTATAGGCCTATATTACTTG	{8688}
2.7875643733214486	8863	8989	126	8863	1	1.0	GAGAGGGTGTGCAATTAGAAAAGGTTTTAG	8959	1	1.0	CTAAATCTATGATATCTGCAGTAGCTGCTG	1	1.0	ATACTTTTGTGGGATGTGTACGTAAATG	{8893}
2.792385018119717	2671	2798	127	2671	1	1.0	GAGATTCCGTCTTTGATGACAGTTAAGGTT	2768	1	1.0	AGGGTGTTACTGTAGATGATTTTGTTGCTG	1	1.0	ATGTTTGATTTAGATTCTACTTTTGATG	{2701}
2.801814134296109	6983	7112	129	6983	1	1.0	GCCTGTTATTTGGTTTTGTCATGATGAAGC	7082	1	1.0	TGTTGATTCTGTATCTGAGGAGTCACAAGG	1	1.0	AATCTGAAAATAGATATAGTGTTTTGTC	{7054}
2.801814134296109	20896	21025	129	20896	1	1.0	CCCACAAGGTAATCTAGGTGGTAATTGCGC	20995	1	1.0	TTTTGAACCTCGCTCAGATTTAGAACGGGA	1	1.0	ACTATCTTTACTCAGAGTCGTGTATTGT	{20963}
2.8154573353204815	5545	5677	132	5545	1	1.0	CTAGTCTTCCTAAAGATTGGCGTCTTATCA	5647	1	1.0	GTCAGGGTAAAGACTTTGGTTATGTATGTG	1	1.0	GTATTTTGAGTGTCCTAATTCTATTTAT	{5612}
2.8285435130281846	9676	9811	135	9676	1	1.0	GTGTTCAGTGCTATACACCACATATTCAGA	9781	1	1.0	CACCACATCCTTATTGTTATTCAGATGGTG	1	1.0	CATCTTTGTGTACTATGTTTAAAAGAGG	{9745}
2.8285435130281846	28947	29082	135	28947	1	1.0	CTGGAAGTAGAAGCTCCTCTGGAAATCGTT	29052	1	1.0	CCCAACCTAAATTCACTGTGTCTACTCAAC	1	1.0	CAGGAATCCTCAAGAAAACTTCTTGGGT	{28977}
2.8285435130281846	29537	29672	135	29537	1	1.0	CGTGGACCCAATAATCGTTCATTAAGTAGA	29642	1	1.0	GCCAAGCTTGGTAAAGATTCTAAACCTCAG	1	1.0	TCTAATTTTAGACATTCAGATTCTATAG	{29573}
2.8327894934871645	1257	1393	136	1257	1	1.0	GTGTGATTGTGGTTTTGTTATGCAGTATGG	1363	1	1.0	CCATTGTGTTGTACAGTTTATGACTCTAGC	1	1.0	AGATTGTTTTAATGATAATTGTGATTTT	{1293}
2.8327894934871645	9389	9525	136	9389	1	1.0	GTCTGATATTCATTTGCCTGCTTATGCTAG	9495	1	1.0	TTTGATCAATGGTATGAGTCCACTTTTGGG	1	1.0	TTAGAGATATTTCAGTTAATGATTTATG	{9445}
2.836979969342407	8749	8886	137	8749	1	1.0	GTATCTCTGTAACCCAGACTATGTTTGATG	8856	1	1.0	TCTCTTAGAGAGGGTGTGCAATTAGAAAAG	1	1.0	TTTATGTTGATACTTTTATGTCTCATTT	{8779}
2.8411163730311917	2541	2679	138	2541	1	1.0	CATGGGTAAGTGTGGTGATAAATTTTTCCC	2649	1	1.0	TAACGAGAAACCTGTTGTTATGGAGATTCC	1	1.0	TCATGAATGATAAAAATATTTGTCTTTT	{2576}
2.8571480554261384	4599	4741	142	4599	1	1.0	GCAGCGGACTTACCTTGTACATTACATTTT	4711	1	1.0	GTCATTCTGTAGCTGTTATAGGTGATGAAC	1	1.0	TCATTATTTGATGACAATTTTTGTGCTT	{4629}
2.8610337616452868	2846	2989	143	2846	1	1.0	CAGTGGTTGGTTATCAAGTTCGTGCATTTT	2959	1	1.0	GCTATTGAGGATGTTGAAGACGTTATCAGT	1	1.0	ATGTTGTTTATTTATTTGATGAGGCTGG	{2894}
2.8610337616452868	29607	29750	143	29607	1	1.0	CTGATATGGCTGATGAGATTGCTAATCTTG	29720	1	1.0	AAACCTCGCCAAAAGCGAACTCCTAATAAA	1	1.0	TTGGTAAAGAATCTAAACCTCAGCAAGT	{29649}
2.8724160284948064	9273	9419	146	9273	1	1.0	CCCTTTTCACTTAAAGGAGGTGTTGTATTG	9389	1	1.0	GTCTGATATTCATTTGCCTGCTTATGCTAG	1	1.0	AGTAATTTGTTATATATATTATTTTTTA	{9303}
2.876122044777587	892	1039	147	892	1	1.0	GACCAGTATGGTTGTGACTATTCTGGTAAA	1009	1	1.0	GATATTGTAGTGGCTTGGCATGTAGTTCGT	1	1.0	TTAGCAGATTGTCTTCAAGCTTATGGTC	{922}
2.8905319690521503	658	809	151	658	1	1.0	GGTTGGATTGTACCTTTTGGTTTTATGCCA	779	1	1.0	TTAGTGTAGAAGATGCTTATGCTGAGGTTC	1	1.0	ACAAATGGTTTCAATTTTGTAGGTTGTA	{698}
2.8940354666358683	1002	1154	152	1002	1	1.0	TGACTTTGATATTGTAGTGGCTTGGCATGT	1124	1	1.0	ATGGAGATGTAGTTATACGTGAACCTGTAC	1	1.0	AGTTCGTGATTCACGATTTGTTATGCGC	{1032}
2.900929642842771	2417	2571	154	2417	1	1.0	GCGTTGCAGAATCTGTTATAGTAGAAGATG	2541	1	1.0	CATGGGTAAGTGTGGTGATAAATTTTTCCC	1	1.0	ATGTTATTGAGAATGTCAAATCTTCTTT	{2447}
2.903485018119717	29292	29419	127	29292	1	1.0	TCTACTATCTCGGTACCGGCCCATATGCCA	29389	1	1.0	TCCCTCCGATGTTTCGTCAAGGGATCCTAC	2	1.0	CATCCTATGGTGATGCCCACGAAGGTAT TCCTATGGTGAATCCCTCGAAGGGGTCT	{29325} {29327}
2.912914134296109	11284	11413	129	11284	1	1.0	GTACTGGTTGTCACACTGGCACTGATTTTA	11383	1	1.0	CTGTTAATGTTATTGCTTGGCTCTATGCAG	2	1.0	ACAGTTGCCAGTTAAGGACTACGTCCAA ACAGTTGCCAGTTAAGGACTATGTCCAG	{11354} {11354}
2.9142885273623995	11391	11549	158	11391	1	1.0	GTTATTGCTTGGCTCTATGCAGCTATACTT	11519	1	1.0	TGTTTTAGATGCTTTGGCTTCAATGACAGG	1	1.0	GTGCTTGGTTTGTACAAAATGATGTTTG	{11428}
2.920764845367944	6983	7143	160	6983	1	1.0	GCCTGTTATTTGGTTTTGTCATGATGAAGC	7113	1	1.0	AATGTGGTTACTTCTGTTATGGAATCGCAG	1	1.0	AATCTGAAAATAGATATAGTGTTTTGTC	{7054}
2.923954591467449	1126	1287	161	1126	1	1.0	GGAGATGTAGTTATACGTGAACCTGTACAT	1257	1	1.0	GTGTGATTGTGGTTTTGTTATGCAGTATGG	1	1.0	TTATTATCTGCTGATGCAATAGTTTTAA	{1156}
2.927112910986066	19523	19685	162	19523	1	1.0	AATGTACATAAAGGTGCACATGTTGCGTCA	19655	1	1.0	AATACATCTTGTAGGTTATTGCAGCGTGTC	1	1.0	AGTATCCAATAATTTCCAATGAGGTTAG	{19623}
2.9454360029807227	1257	1425	168	1257	1	1.0	GTGTGATTGTGGTTTTGTTATGCAGTATGG	1395	1	1.0	AGTTAAAGCCCAATCATCTGGTGTTATTCC	1	1.0	AGATTGTTTTAATGATAATTGTGATTTT	{1293}
2.948390556965433	9356	9525	169	9356	1	1.0	GTGGGCTTTACTGCCTACATATAGTGTTTA	9495	1	1.0	TTTGATCAATGGTATGAGTCCACTTTTGGG	1	1.0	TTAGAGATATTTCAGTTAATGATTTATG	{9445}
2.948390556965433	11346	11515	169	11346	1	1.0	CAAGTTGTACAGTTGCCAGTTAAGGACTAT	11485	1	1.0	TGGCAAATGGTTTTAGCCAAGTAAAAGCAG	1	1.0	GTGCTTGGTTTGTACAAAATGATGTTTG	{11428}
2.9570942636811997	1730	1902	172	1730	1	1.0	GTAGGCAACTGTTGCTTAATAGAGGTGATT	1872	1	1.0	TCCCCGTAGTTATTATCTAATTCAGAGTGG	1	1.0	GCTTTTAAAAAATATTGACTTGTTTGTT	{1767}
2.9710950406914325	892	1069	177	892	1	1.0	GACCAGTATGGTTGTGACTATTCTGGTAAA	1039	1	1.0	GATTCACGATTTGTTATGCGCCTGCAGACT	1	1.0	TTAGCAGATTGTCTTCAAGCTTATGGTC	{922}
2.9710950406914325	9510	9687	177	9510	1	1.0	GAGTCCACTTTTGGGTCTGTTTACTATCAT	9657	1	1.0	TATGCATTTGCTAGTGATAGTGTTCAGTGC	1	1.0	AGTGGCAGTTATGGATGAAGATATCGGT	{9563}
2.9710950406914325	9781	9958	177	9781	1	1.0	CACCACATCCTTATTGTTATTCAGATGGTG	9928	1	1.0	TAAGAACGCGCTCTATGACTTATTGTAGAG	1	1.0	TTCTTTGTATACATCTTTGGTTCCACAT	{9824}
2.9710950406914325	28947	29124	177	28947	1	1.0	CTGGAAGTAGAAGCTCCTCTGGAAATCGTT	29094	1	1.0	CTATCCCACATTATTCCTGGTTCTCCGGGA	1	1.0	CAGGAATCCTCAAGAAAACTTCTTGGGT	{28977}
2.9765285070070253	8749	8928	179	8749	1	1.0	GTATCTCTGTAACCCAGACTATGTTTGATG	8898	1	1.0	TTTGTGGGATGTGTACGTAAATGTTGTTCC	1	1.0	TTTATGTTGATACTTTTATGTCTCATTT	{8779}
2.979211090344213	2671	2851	180	2671	1	1.0	GAGATTCCGTCTTTGATGACAGTTAAGGTT	2821	1	1.0	GCTTTAAACTCTTGTAAAGAGCATCCAGTG	1	1.0	ATGTTTGATTTAGATTCTACTTTTGATG	{2701}
2.979211090344213	9389	9569	180	9389	1	1.0	GTCTGATATTCATTTGCCTGCTTATGCTAG	9539	1	1.0	TAATTCTATGGATTGCCCTATTGTAGTGGC	1	1.0	TTAGAGATATTTCAGTTAATGATTTATG	{9445}
2.9818714113224147	8903	9084	181	8903	1	1.0	GGGATGTGTACGTAAATGTTGTTCCATTGA	9054	1	1.0	GTAGCTGCTGATTTAGGTGTTCTTATACAG	1	1.0	ATGATATCTGCAGTAGCTGCTGGTTTGG	{8967}
2.9818714113224147	29607	29788	181	29607	1	1.0	CTGATATGGCTGATGAGATTGCTAATCTTG	29758	1	1.0	TGTTCAACAGTGTTTTGGTAAAAGAGGACC	1	1.0	TTGGTAAAGAATCTAAACCTCAGCAAGT	{29649}
2.992297268051916	2846	3031	185	2846	1	1.0	CAGTGGTTGGTTATCAAGTTCGTGCATTTT	3001	1	1.0	GAAGATACTATTGATGGTGTCGTTGAAGAC	1	1.0	ATGTTGTTTATTTATTTGATGAGGCTGG	{2894}
2.9999	9676	9864	188	9676	1	1.0	GTGTTCAGTGCTATACACCACATATTCAGA	9834	1	1.0	ACATCTTTGGTTCCACATACACGTTATAGC	1	1.0	CATCTTTGTGTACTATGTTTAAAAGAGG	{9745}
3.0073265909416214	7118	7309	191	7118	1	1.0	GGTTACTTCTGTTATGGAATCGCAGATTAG	7279	1	1.0	TGACAGGTTGTGATTATGTTGTTTGGGTTG	1	1.0	GTTCTATTAAGGTTGTTAAAAGTTTATC	{7225}
3.0216827288338286	804	1001	197	804	1	1.0	GGTTCATGCTGAGCCTAAAGGTAAATATTC	971	1	1.0	GACAAAAGCAGTCTGTATGGCTTGCCAATT	1	1.0	GTTGTGACTATTCTGGTAAATTAGCAGC	{902}
3.035423411032158	11346	11549	203	11346	1	1.0	CAAGTTGTACAGTTGCCAGTTAAGGACTAT	11519	1	1.0	TGTTTTAGATGCTTTGGCTTCAATGACAGG	1	1.0	GTGCTTGGTTTGTACAAAATGATGTTTG	{11428}
3.038212910986066	29095	29257	162	29095	1	1.0	TATCCCACATTATTCCTGGTTCTCCGGGAT	29227	1	1.0	ACACAGCCGGCGTTCTTTTAAAACAGCTGA	2	1.0	AGTACCCCCTTCTGAAGCAAAAGGATAT GGTAGAGACTTTAAATTTTCAGATGGTC	{29191} {29141}
3.04207901698314	11391	11597	206	11391	1	1.0	GTTATTGCTTGGCTCTATGCAGCTATACTT	11567	1	1.0	ATTGGCTGCTATTAAGCGTCTATATATGGG	1	1.0	GTGCTTGGTTTGTACAAAATGATGTTTG	{11428}
3.04426719502264	2417	2624	207	2417	1	1.0	GCGTTGCAGAATCTGTTATAGTAGAAGATG	2594	1	1.0	TTTGTCTTTTAGATCAGGCTTGGCGTTTTC	1	1.0	ATGTTATTGAGAATGTCAAATCTTCTTT	{2447}
3.04426719502264	2616	2823	207	2616	1	1.0	GCGTTTTCCATGTGCAGGTAGAAAAGTTAA	2793	1	1.0	TGCTGTTGTTTGTGATGCTATAGAGAATGC	1	1.0	TTAACGAGAAACCTGTTGTTATGGAGAT	{2648}
3.04426719502264	9781	9988	207	9781	1	1.0	CACCACATCCTTATTGTTATTCAGATGGTG	9958	1	1.0	TGGGTGCATGTGAATACGCCGAAGAGGGTA	1	1.0	TTCTTTGTATACATCTTTGGTTCCACAT	{9824}
3.0464405378427526	2363	2571	208	2363	1	1.0	CTGGTTTTGTTTTACCATGTAATGCACAGG	2541	1	1.0	CATGGGTAAGTGTGGTGATAAATTTTTCCC	1	1.0	AACAAATTTATTTTTTTGAAGGCGTTGC	{2396}
3.048599245246692	6910	7119	209	6910	1	1.0	CTGGTGATGTTGTTTTGGCATCTGATGATT	7089	1	1.0	TCTGTATCTGAGGAGTCACAAGGTAATGTG	1	1.0	ATGTGAAACGTTATTTTAAAGGATGTGA	{6943}
3.0507435130281846	19475	19685	210	19475	1	1.0	CAGTGGGGTTATACAGGTTCTTTAACTAGT	19655	1	1.0	AATACATCTTGTAGGTTATTGCAGCGTGTC	1	1.0	AGTATCCAATAATTTCCAATGAGGTTAG	{19623}
3.0528735330780323	8903	9114	211	8903	1	1.0	GGGATGTGTACGTAAATGTTGTTCCATTGA	9084	1	1.0	AATGGTGCTAAGCATGTACAGGGTAATGTT	1	1.0	ATGATATCTGCAGTAGCTGCTGGTTTGG	{8967}
3.0535539643783345	29721	29888	167	29721	1	1.0	AACCTCGCCAAAAGCGAACTCCTAATAAAC	29858	1	1.0	GAATTAGCTCCTACACCAGGTGCTTTTTTC	2	1.0	GACCTTCTCAAAACTTTGGTAATGCTGA TTGGTAAAAGAGGACCGCTCCAAAACTT	{29784} {29772}
3.057091578646307	9356	9569	213	9356	1	1.0	GTGGGCTTTACTGCCTACATATAGTGTTTA	9539	1	1.0	TAATTCTATGGATTGCCCTATTGTAGTGGC	1	1.0	TTAGAGATATTTCAGTTAATGATTTATG	{9445}
3.057091578646307	29537	29750	213	29537	1	1.0	CGTGGACCCAATAATCGTTCATTAAGTAGA	29720	1	1.0	AAACCTCGCCAAAAGCGAACTCCTAATAAA	1	1.0	TCTAATTTTAGACATTCAGATTCTATAG	{29573}
3.0674000822449523	11284	11502	218	11284	1	1.0	GTACTGGTTGTCACACTGGCACTGATTTTA	11472	1	1.0	AATGTTTGGGCTATGGCAAATGGTTTTAGC	1	1.0	GTGCTTGGTTTGTACAAAATGATGTTTG	{11428}
3.069422592664184	1533	1752	219	1533	1	1.0	GCGTCCTGGATTGTGGATTCCTATAATTAA	1722	1	1.0	TTCTTGGTGTAGGCAACTGTTGCTTAATAG	1	1.0	GCTCTTATTACTCATGCACTTTACTTAG	{1636}
3.0812967960054203	7118	7343	225	7118	1	1.0	GGTTACTTCTGTTATGGAATCGCAGATTAG	7313	1	1.0	TGAATTGTCACGCCTAGTTAAATCACCAAC	1	1.0	GTTCTATTAAGGTTGTTAAAAGTTTATC	{7225}
3.0832337616452867	1126	1352	226	1126	1	1.0	GGAGATGTAGTTATACGTGAACCTGTACAT	1322	1	1.0	ATGGTTGGGTTTCAGGTAATATGATGGATG	1	1.0	TTATTATCTGCTGATGCAATAGTTTTAA	{1156}
3.0851590937877345	804	1031	227	804	1	1.0	GGTTCATGCTGAGCCTAAAGGTAAATATTC	1001	1	1.0	GTGACTTTGATATTGTAGTGGCTTGGCATG	1	1.0	GTTGTGACTATTCTGGTAAATTAGCAGC	{902}
3.087072931341441	1059	1287	228	1059	1	1.0	CCTGCAGACTATAGCTACTATTTGTGGTAT	1257	1	1.0	GTGTGATTGTGGTTTTGTTATGCAGTATGG	1	1.0	AGTTATACGTGAACCTGTACATTTATTA	{1134}
3.0927468288076465	8637	8868	231	8637	1	1.0	GAGAGTGATGCTGATAGAGCTAATTTTCTG	8838	1	1.0	GTTAACATTGCTCATGCTTCTCTTAGAGAG	1	1.0	CAATCATTGTATAGGCCTATATTACTTG	{8688}
3.0946160284948063	892	1124	232	892	1	1.0	GACCAGTATGGTTGTGACTATTCTGGTAAA	1094	1	1.0	ATGTTGCACAACCTACAGAAGATGTAGTAG	1	1.0	TTAGCAGATTGTCTTCAAGCTTATGGTC	{922}
3.1019857056612072	4711	4947	236	4711	1	1.0	GTCATTCTGTAGCTGTTATAGGTGATGAAC	4917	1	1.0	GCTGATGTTATTGTTAATCCTGCTAATGGG	1	1.0	AAGTTTGTTACTAAATTTAGTGGTGATA	{4752}
3.103801953228442	658	895	237	658	1	1.0	GGTTGGATTGTACCTTTTGGTTTTATGCCA	865	1	1.0	CGTGGTATTAAACCCGTACTTTTTGTAGAC	1	1.0	ACAAATGGTTTCAATTTTGTAGGTTGTA	{698}
3.1074038657081178	2616	2855	239	2616	1	1.0	GCGTTTTCCATGTGCAGGTAGAAAAGTTAA	2825	1	1.0	TAAACTCTTGTAAAGAGCATCCAGTGGTTG	1	1.0	TTAACGAGAAACCTGTTGTTATGGAGAT	{2648}
3.1091897580044536	569	809	240	569	1	1.0	GCTTGTTCCGTTCATACAAGACTAAACGTT	779	1	1.0	TTAGTGTAGAAGATGCTTATGCTGAGGTTC	1	1.0	CTACTAATTTTGGTGAAGATTTTTTGGG	{632}
3.1091897580044536	8749	8989	240	8749	1	1.0	GTATCTCTGTAACCCAGACTATGTTTGATG	8959	1	1.0	CTAAATCTATGATATCTGCAGTAGCTGCTG	1	1.0	TTTATGTTGATACTTTTATGTCTCATTT	{8779}
3.1109657561098882	1873	2114	241	1873	1	1.0	CCCCGTAGTTATTATCTAATTCAGAGTGGT	2084	1	1.0	GGTTTAATACCATGTTAGATGCTAGTGCAC	1	1.0	AATTTTCACAAGAAGTTTCTGATATGTG	{1928}
3.1144885040667143	29868	30111	243	29868	1	1.0	CTACACCAGGTGCTTTTTTCTTTGGTTCTA	30081	1	1.0	TGAGTCCTAAACCTCAGCGTAAAAGAGGTG	1	1.0	GAACTTCGTTATTCTGGTTCTATTAGGT	{29954}
3.1162354666358683	9567	9811	244	9567	1	1.0	GCAGTTATGGATGAAGATATCGGTTCTACT	9781	1	1.0	CACCACATCCTTATTGTTATTCAGATGGTG	1	1.0	CATCTTTGTGTACTATGTTTAAAAGAGG	{9745}
3.1248302666619225	2123	2372	249	2123	1	1.0	GCTGGCTTCTTTACCAATTATTGAATGGTC	2342	1	1.0	ACGTTAGTACAGGGTTAATTCCTGGTTTTG	1	1.0	TTTGTAGTATCTCAAGCCAACTTTAATT	{2155}
3.125685018119717	29063	29257	194	29063	1	1.0	TTCACTGTGTCTACTCAACCACAAGGAAAT	29227	1	1.0	ACACAGCCGGCGTTCTTTTAAAACAGCTGA	2	1.0	AGTACCCCCTTCTGAAGCAAAAGGATAT GGTAGAGACTTTAAATTTTCAGATGGTC	{29191} {29141}
3.1793942636811994	28933	29021	88	28933	1	1.0	TCCCGGTCATTATGCTGGAAGTAGAAGCTC	28991	2	1.0	AAAACTTCTTGGGCTGACCAATCTGAGCGA AAAACTTCTTGGGTTGACCAATTTGAGCGA	1	1.0	CTCTGGAAATCGTTCAGGAATCCTCAAG	{28963}
3.2057160284948063	14803	15035	232	14803	1	1.0	TTTTGGTGATTTTATACAAACAGCCCCAGG	15005	1	1.0	TGGGGTATGAAGTATCATCCTAATACTGTG	2	1.0	ATTTGGTGTGGCAGTCGCAGATTCTTAC GTTTGGTGTGGCAGTTGCAGATTCTTAC	{14833} {14833}
3.222065756109888	29647	29888	241	29647	1	1.0	GCTTGGTAAAGATTCTAAACCTCAGCAAGT	29858	1	1.0	GAATTAGCTCCTACACCAGGTGCTTTTTTC	2	1.0	GACCTTCTCAAAACTTTGGTAATGCTGA TAAGGAAATTAGGCATAAAATTTTAATG	{29784} {29692}
3.250926686365171	29224	29319	95	29224	2	1.0	TAAACACAACCGGCGTTCTTTTAAAACAGC TAGACACAGCCGGCGTTCTTTTAAAACAGC	29289	1	1.0	ATTTCTACTATCTCGGTACCGGCCCATATG	1	1.0	TGATGGTCAACAAAAGCAGTTGTTACCG	{29254}
3.250926686365171	29363	29458	95	29363	2	1.0	GCTAATCACCAAGCTGACACTTCTACTCCC GCTAGTCACCAAGCTGACACTTCTATTCCC	29428	1	1.0	AGCTATCCCTACTAGGTTTCCGCCTGGTAC	1	1.0	TCCGATGTTTCGGCAAGGGATCCTACTA	{29393}
3.2856163730311914	20926	21025	99	20926	2	1.0	AGGTAATGCCAGCGGTAATGATGCTCTAGC GGGTAATGTCATTGGTAATGATGCTCTAAC	20995	1	1.0	TTTTGAACCTCGCTCAGATTTAGAACGGGA	1	1.0	ACTATCTTTACTCAGAGTCGTGTATTGT	{20963}
3.3017433771173463	29862	29951	89	29862	1	1.0	TAGCTCCTACACCAGGTGCTTTTTTCTTTG	29921	2	1.0	TCCGAGGCTGACTCACCTGTTAAAGATGTT TCTGATGCTGATTCACCTTCTAAAGACACT	2	1.0	GCTCTAAATTAGAGTTGTTTAAAAGAGA TTCTAAATTAGAGTTGGTTAAAAGAGAT	{29892} {29893}
3.3431643733214482	29292	29385	93	29292	1	1.0	TCTACTATCTCGGTACCGGCCCATATGCCA	29355	2	1.0	TCTGGGTCGCTAGTCACCAAGCTGACACTT TCTGGGTTGCTAATCACCAAGCTGACACTT	2	1.0	CATCCTATGGTGATGCCCACGAAGGTAT TCCTATGGTGAATCCCTCGAAGGGGTCT	{29325} {29327}
3.4821573353204816	19553	19685	132	19553	2	1.0	GCTGATGCAATTATGACTCGTTGTTTAGCA TCTGATGCAATTATGACTCGGTGTTTAGCA	19655	1	1.0	AATACATCTTGTAGGTTATTGCAGCGTGTC	1	1.0	AGTATCCAATAATTTCCAATGAGGTTAG	{19623}
3.55723196905215	29363	29514	151	29363	2	1.0	GCTAATCACCAAGCTGACACTTCTACTCCC GCTAGTCACCAAGCTGACACTTCTATTCCC	29484	1	1.0	AAGGCTCAGGAAGGTCTGCTTCTAATAGTC	1	1.0	TCCGATGTTTCGGCAAGGGATCCTACTA	{29393}
3.570185018119717	29721	29848	127	29721	1	1.0	AACCTCGCCAAAAGCGAACTCCTAATAAAC	29818	2	1.0	AAAGCTTGGTACTAATGATCCTCAGTTTCC AAAGCTTGGTACTAGTGATCCTCAATTTCC	2	1.0	GACCTTCTCAAAACTTTGGTAATGCTGA TTGGTAAAAGAGGACCGCTCCAAAACTT	{29784} {29772}
3.584226686365171	29095	29225	130	29095	1	1.0	TATCCCACATTATTCCTGGTTCTCCGGGAT	29195	2	1.0	CCCCCTTCTGAAGCAAAAGGATATTGGTAT CCCCTCTCTGAAGCAAAAGGATATTGGTAT	2	1.0	GGTAGAGACTTTAAATTTTCAGATGGTC TCAAGGAGTACCCATTGCTTACGGGATA	{29141} {29167}
3.643228507007025	29759	29938	179	29759	1	1.0	GTTCAACAGTGTTTTGGTAAAAGAGGACCT	29908	2	1.0	GGTTAAAAGAGATTCCGAGGCTGACTCACC GTTTAAAAGAGACTCTGATGCTGATTCACC	1	1.0	AATTAGCTCCTACACCAGGTGCTTTTTT	{29859}
3.669094696155047	29922	30111	189	29922	2	1.0	CCGAGGCTGACTCACCTGTTAAAGATGTTT CTGATGCTGATTCACCTTCTAAAGACACTT	30081	1	1.0	TGAGTCCTAAACCTCAGCGTAAAAGAGGTG	1	1.0	GAACTTCGTTATTCTGGTTCTATTAGGT	{29954}
3.6812850181197168	20955	21149	194	20955	1	1.0	CACGTTTTACTATCTTTACTCAGAGTCGTG	21119	2	1.0	GTTATAGGAGGTTTGCACTTGCTTATAGGT GTTATAGGAGGTTTGCATTTGCTTATAGGC	1	1.0	CGCTCAGATTTAGAACGGGATTTTATTG	{21005}
3.704912910986066	29063	29225	162	29063	1	1.0	TTCACTGTGTCTACTCAACCACAAGGAAAT	29195	2	1.0	CCCCCTTCTGAAGCAAAAGGATATTGGTAT CCCCTCTCTGAAGCAAAAGGATATTGGTAT	2	1.0	GGTAGAGACTTTAAATTTTCAGATGGTC TCAAGGAGTACCCATTGCTTACGGGATA	{29141} {29167}
3.7320647304037196	29721	29938	217	29721	1	1.0	AACCTCGCCAAAAGCGAACTCCTAATAAAC	29908	2	1.0	GGTTAAAAGAGATTCCGAGGCTGACTCACC GTTTAAAAGAGACTCTGATGCTGATTCACC	1	1.0	AATTAGCTCCTACACCAGGTGCTTTTTT	{29859}
3.7686857056612073	19523	19759	236	19523	1	1.0	AATGTACATAAAGGTGCACATGTTGCGTCA	19729	2	1.0	TGACATAGGCAATCCTAAAGGTTTAGCTTG TGACATTGGCAATCCTAAAGGTATTGCTTG	1	1.0	AGTATCCAATAATTTCCAATGAGGTTAG	{19623}
3.777665756109888	19737	19978	241	19737	2	1.0	GCAATCCTAAAGGTATTGCTTGTGTCAAAG GCAATCCTAAAGGTTTAGCTTGTGTCAAAG	19948	1	1.0	ATTAAACCTTCCTGGATGTAATGGTGGTAG	1	1.0	CCAAGTTTGTTAAACAGTTATTTTATGT	{19803}
3.777665756109888	29607	29848	241	29607	1	1.0	CTGATATGGCTGATGAGATTGCTAATCTTG	29818	2	1.0	AAAGCTTGGTACTAATGATCCTCAGTTTCC AAAGCTTGGTACTAGTGATCCTCAATTTCC	1	1.0	TTGGTAAAGAATCTAAACCTCAGCAAGT	{29649}
3.808708310503012	29647	29848	201	29647	1	1.0	GCTTGGTAAAGATTCTAAACCTCAGCAAGT	29818	2	1.0	AAAGCTTGGTACTAATGATCCTCAGTTTCC AAAGCTTGGTACTAGTGATCCTCAATTTCC	2	1.0	GACCTTCTCAAAACTTTGGTAATGCTGA TAAGGAAATTAGGCATAAAATTTTAATG	{29784} {29692}
4.0739681611474055	29821	29938	117	29821	2	1.0	GCTTGGTACTAATGATCCTCAGTTTCCTAT GCTTGGTACTAGTGATCCTCAATTTCCTAT	29908	2	1.0	GGTTAAAAGAGATTCCGAGGCTGACTCACC GTTTAAAAGAGACTCTGATGCTGATTCACC	1	1.0	AATTAGCTCCTACACCAGGTGCTTTTTT	{29859}
4.116070128054923	29224	29349	125	29224	2	1.0	TAAACACAACCGGCGTTCTTTTAAAACAGC TAGACACAGCCGGCGTTCTTTTAAAACAGC	29319	2	1.0	CCAATGCATCCTATGGTGAATCCCTCGAAG CCAGTTCATCCTATGGTGATGCCCACGAAG	1	1.0	TGATGGTCAACAAAAGCAGTTGTTACCG	{29254}
4.125785018119718	21439	21566	127	21439	2	1.0	CTGGAAACCTGGTTATTCTATGCCTGTTTT TTGGAAACCTGGCTATTCTATGCCTGTTTT	21536	2	1.0	CCAACAGGTTGTATGATGAATGTTGCTAAG CCTACAGGCTGTATGATGAATGTTGCTAAG	1	1.0	GTATAAGTATTTGAATGTTCCATTAGAG	{21469}
4.254164845367944	20989	21149	160	20989	2	1.0	GTCAACCTTTGAACCTCGCTCAGATTTAGA GTCAAGTTTTGAACCTCGCTCAGATTTAGA	21119	2	1.0	GTTATAGGAGGTTTGCACTTGCTTATAGGT GTTATAGGAGGTTTGCATTTGCTTATAGGC	1	1.0	CGGGATTTTATTGATATGGATGATAATC	{21020}
4.375479016983141	19553	19759	206	19553	2	1.0	GCTGATGCAATTATGACTCGTTGTTTAGCA TCTGATGCAATTATGACTCGGTGTTTAGCA	19729	2	1.0	TGACATAGGCAATCCTAAAGGTTTAGCTTG TGACATTGGCAATCCTAAAGGTATTGCTTG	1	1.0	AGTATCCAATAATTTCCAATGAGGTTAG	{19623}
4.388389493487165	21439	21651	212	21439	2	1.0	CTGGAAACCTGGTTATTCTATGCCTGTTTT TTGGAAACCTGGCTATTCTATGCCTGTTTT	21621	2	1.0	TGCGTGTCTTACACTTAGGTGCAGGATCTG TGCGTGTTTTACATTTAGGTGCAGGGTCTG	1	1.0	GTATAAGTATTTGAATGTTCCATTAGAG	{21469}
4.394654842851936	29120	29335	215	29120	2	1.0	GGGATCACTCAATTTCAAAAAGGTAGAGAC GGGATTACCCAATTTCAAAAAGGTAGAGAC	29305	2	1.0	TACCGGCCCATATGCCAATGCATCCTATGG TACCGGTCCATATGCCAGTTCATCCTATGG	1	1.0	ACAGCTGATGGTCAACAAAAGCAGTTGT	{29249}
4.446131969052151	21439	21681	242	21439	2	1.0	CTGGAAACCTGGTTATTCTATGCCTGTTTT TTGGAAACCTGGCTATTCTATGCCTGTTTT	21651	2	1.0	ATAAAGAAGTAGCCCCTGGTTCTGCTGTTT ATAAAGAAGTAGCTCCAGGTTCTGCTGTTT	1	1.0	GTATAAGTATTTGAATGTTCCATTAGAG	{21469}
4.451372960526725	29120	29365	245	29120	2	1.0	GGGATCACTCAATTTCAAAAAGGTAGAGAC GGGATTACCCAATTTCAAAAAGGTAGAGAC	29335	2	1.0	TGAATCCCTCGAAGGGGTCTTCTGGGTTGC TGATGCCCACGAAGGTATCTTCTGGGTCGC	1	1.0	ACAGCTGATGGTCAACAAAAGCAGTTGT	{29249}
