cost	target-start	target-end	target-length	left-primer-start	left-primer-num-primers	left-primer-frac-bound	left-primer-target-sequences	right-primer-start	right-primer-num-primers	right-primer-frac-bound	right-primer-target-sequences	num-guides	total-frac-bound-by-guides	guide-target-sequences	guide-target-sequence-positions
2.5126942636811997	4001	4089	88	4001	1	1.0	GTACAGGATCCAGCACCTATTGACATTGAT	4059	1	1.0	CTGTATATTTAGGTGTTAAGGGTTCTGGTC	1	1.0	GCTTTCCCTGTGAAACCTATATGTTCAT	{4031}
2.5126942636811997	8550	8638	88	8550	1	1.0	GTTACATTTGTGGTGATGGTCTTATAGACC	8608	1	1.0	TTCATCTTTTAGCGTTGTGGCTATGTCTGG	1	1.0	TTCTTGTTAATGTACTCTCAATCTTTAG	{8580}
2.5126942636811997	14492	14580	88	14492	1	1.0	TTTCAGCCATGGTGTTGGGCTCTAAGCATG	14550	1	1.0	TTATAGGCTTGGTAATGAGTTGGCACAAGT	1	1.0	TTAATTGTTGTACTGTAACAGATAGGTT	{14522}
2.5126942636811997	26077	26165	88	26077	1	1.0	GGCTGCACCTACAGGTGTTACATTAACACT	26135	1	1.0	CATAAGATTGCTACTCGTGTTCAAGTGGGT	1	1.0	TCTTAGTGGTGTACTTCTTGTTGATGGC	{26107}
2.5126942636811997	26378	26466	88	26378	1	1.0	AAATTGGGCCGATGACAGAGCTGCTAGGAA	26436	1	1.0	CCTCTTTTGGTTAGTTCTGATAAGGCACCA	1	1.0	GAAATTTCCTCCTCCTTCATTTTACATG	{26408}
2.5126942636811997	26492	26580	88	26492	1	1.0	CCCTATTGGTAAGGGTAATAAAGATGAGCA	26550	1	1.0	TGGCGTATGCGCAGGGGGCAACGTGTTGAT	1	1.0	GATTGGTTATTGGAATGTTCAAGAGCGT	{26522}
2.5126942636811997	27107	27195	88	27107	1	1.0	TCAGTGCTTTGGTCCTCGTGATTTTAATCA	27165	1	1.0	AATGGTGTTGATGCCAAAGGTTTTCCACAG	1	1.0	CAATATGGGGGATTCAGATCTTGTTCAG	{27137}
2.5239433771173467	5794	5883	89	5794	1	1.0	TTGTGATGTTGGTTTTTGTCCACACAGACA	5853	1	1.0	ATGGACGTGTTGTTATTACCAATGTTGGTG	1	1.0	TAAATTGCGTTCACGTGTTAAGTTTGTT	{5824}
2.534811090344213	5413	5503	90	5413	1	1.0	GGATGTAAAGCCATATGGTTACCCTAATGA	5473	1	1.0	CACCGACAATAATTGTTGGGTTAATGCAAC	1	1.0	TTGTTGGTGGTTTTAGAGTTCTTGGGAC	{5445}
2.534811090344213	27219	27309	90	27219	1	1.0	GCTGCGTTATTCTTTGATAGTGAGGTTAGC	27279	1	1.0	ACCTACACCTACAAAATGCTTGTAGCTAAG	1	1.0	ACTGATGAAGTGGGTGATAATGTTCAGA	{27249}
2.5453224201679636	8117	8208	91	8117	1	1.0	CGTATTAATGTTGTTCCTGGTGTTCCAACA	8178	1	1.0	TTACATTACAGGCTGCTTTTGGAAACACAG	1	1.0	AATGTATATTTGGTAGGAAAGACTCTTG	{8147}
2.5555	25638	25730	92	25638	1	1.0	CCTGTTCCAGCTGAAGTACTAAATGTCTAA	25700	1	1.0	TCAGAGGTTTATGTCCATTTACGTAACTGG	1	1.0	TAAACGATGTCTAATAGTAGTGTGCCTC	{25670}
2.5555	26922	27014	92	26922	1	1.0	GTTGCTGCTGTTACTTTGGCTTTAAAGAAC	26984	1	1.0	TTCTTCTGGTACTTCCACTCCTAAGAAACC	1	1.0	GTTTTGATAACCAGTCGAAGTCACCTAG	{26956}
2.5555	27296	27388	92	27296	1	1.0	GCTTGTAGCTAAGGATAATAAGAACCTTCC	27358	1	1.0	AACCCAGTTCTATCAAAGAAATGCAGTCAC	1	1.0	TAAGTTCATTGAGCAGATTAGTGCTTTT	{27326}
2.565364373321448	480	573	93	480	1	1.0	CTGTTGCAAGTGATTCGGAAATTTCAGGTT	543	1	1.0	CTTATAGCGAAGCCGCTGCACAAGGTTTTC	1	1.0	TTGGTTTTGCCATTCCTTCTGTAGCCGT	{510}
2.565364373321448	11892	11985	93	11892	1	1.0	GCAAAAACCTATGAAAGCTGAGGGTGATGG	11955	1	1.0	TACTGAGGGTGGTAAAACTTTTATGTACGC	1	1.0	TGGTGTTTTAGGTGATGGTAATGCCTTG	{11922}
2.6020405378427527	743	840	97	743	1	1.0	GTTCTTCAGGACTTTGATGTTGTTTTTGGC	810	1	1.0	TGTGTGGTTTTGATGGTAAACCTGTGTTAC	1	1.0	CATGGTGCAGGAAGTGTGGTTTTTGTGG	{773}
2.6020405378427527	1200	1297	97	1200	1	1.0	CTGAGAGTTGGAGTGTTGGTGCATGGGATG	1267	1	1.0	ACTTTGTGTTGTTCCTGGTAATGTTGTTCC	1	1.0	GTTACTTATCTTCTTGTTGTGGCACACC	{1230}
2.6020405378427527	9760	9857	97	9760	1	1.0	ACACCAAATTGAGTTAGGTAGTGGTGCTCA	9827	1	1.0	TTTGATGACCAACCTAGTTTGCAAGTTGAG	1	1.0	TGTTGGTTCTGATTTTACTGGTAGTGTT	{9790}
2.6020405378427527	9981	10078	97	9981	1	1.0	GGCTATGGCTAATGGTTATACAAGTGTTTC	10048	1	1.0	GGTGTTAGTGTTGAACAATTGTTAGCTTCC	1	1.0	GAGTGCTATTCTATTTTGGCAGCAAAAA	{10018}
2.6105894934871645	26206	26304	98	26206	1	1.0	AATTGTTTGTGACCGTGTTGGTCGCTCTGT	26274	1	1.0	GTGCTAAACATGGTGATTTTTCTGGTGTTG	1	1.0	TAATGAAACAAGCCAGACTGGTTGGGCA	{26236}
2.6237942636811997	25174	25262	88	25174	1	1.0	TTCAGGCAAGTGTTGGTATCTTGAACAATC	25232	1	1.0	TATGGTGGTGACCACTATGTCGTTTTAGGT	2	1.0	ATTTTATGAAAATCGTTTTGCTGCTATT ATTTTATGAAACTCGTTCTGCTGCTATT	{25204} {25204}
2.6349480554261384	25771	25872	101	25771	1	1.0	GTTGCAGTATGGGCATTATAAGTATAGCAG	25842	1	1.0	GGCCACTTGTTCTAGCTTTGTCTATTTTTG	1	1.0	ATGGTTTAAAGATGTCTGTTTTATGGTG	{25809}
2.6426729313414405	26773	26875	102	26773	1	1.0	CTGTTGTTGAGTTTGAGGATCGCTCTAATA	26845	1	1.0	CACGAGACTCTTCTCGTAGCACTTCAAGAC	1	1.0	CTCATCTCGTGCTAGCAGTCGTTCTTCA	{26804}
2.6575857056612073	25369	25473	104	25369	1	1.0	TGTCATTTACATTTTTGCCGAAGAGCCTGT	25443	1	1.0	CGATTAATTGATGACAATGGCATTGTCCTC	1	1.0	TGTTGGTATAGTCTACTCTTCTCAACTA	{25399}
2.6575857056612073	26525	26629	104	26525	1	1.0	TGGTTATTGGAATGTTCAAGAGCGTTGGCG	26599	1	1.0	TTTATTACCTAGGTACTGGACCTCATAAGG	1	1.0	TATGCGCAGGGGGCAACGTGTTGATTTG	{26555}
2.6647897580044537	18617	18722	105	18617	1	1.0	ATAGGTGGTGCTGTTTGTTCAAAACATGCA	18692	1	1.0	GCTGGTTTTAACATTTGGGTACCACATAGT	1	1.0	AATTTGTATCAAAAATATGTTGAGGCAT	{18647}
2.6718354666358684	12187	12293	106	12187	1	1.0	CAAGCTGGTAAACAAACTGAATTGGCTGTT	12263	1	1.0	CTACTTACTTGGAAGCTGTTAAACATGGTG	1	1.0	AATTCTGGACTTTTAACTGCTTGTGCTT	{12217}
2.6718354666358684	23883	23989	106	23883	1	1.0	AGATTAATTACTGGACGGCTTGCAGCTTTG	23959	1	1.0	GTTCCAGACGCTTAGCACAGCAGAAGATTA	1	1.0	AATGCATTTGTTTCTCAAGTTTTGAATA	{23913}
2.678729642842771	3017	3124	107	3017	1	1.0	GTTTTTGTTGAACCTAAGGATGGTGGTCAA	3094	1	1.0	TTATCCAGCTTCATGTAATGGTGTATTGCC	1	1.0	TTTTTTGTTTCTGGTGATTATCTTTGGT	{3047}
2.685478667660241	3777	3885	108	3777	1	1.0	CACTTGGTGATAGTGGTAAACTTCTTAGTG	3855	1	1.0	GTGATTGTGGTAAAAAGTTTGATGAGCAGG	1	1.0	GAAAAATATACATGTTCTATAACTTTTG	{3818}
2.6920885273623996	26281	26390	109	26281	1	1.0	ACATGGTGATTTTTCTGGTGTTGCCTCTCA	26360	1	1.0	AAACAAAATGGCTAGTGTAAATTGGGCCGA	1	1.0	GGAGGGTGTTTTGTCAGAAAGAGAGAAG	{26311}
2.6953266863651715	27152	27247	95	27152	1	1.0	AGATCTTGTTCAGAATGGTGTTGATGCCAA	27217	1	1.0	AGGCTGCGTTATTCTTTGATAGTGAGGTTA	2	1.0	AGGGTTTCCACAGCTTGCTGAATTGATT AGGTTTTCCACAGCTTGCTGAGTTGATT	{27182} {27182}
2.6985648453679434	3102	3212	110	3102	1	1.0	CTTCATGTAATGGTGTATTGCCAGTTGCTT	3182	1	1.0	CATGATGTTGAACCTACCCATAAAGTCAAG	1	1.0	CAAAATTAGCAGGTGGTAAAATATCTTT	{3135}
2.7111377053709504	21730	21842	112	21730	1	1.0	GCCCTTCCTCTCAACCTTATTACTGTTTTA	21812	1	1.0	ACCCACTGTGCGTGAGATTGTTGTTGCTAG	1	1.0	ATGTTAGCACTTTTGTGGGTGTCCTACC	{21784}
2.7172439250039426	24782	24895	113	24782	1	1.0	GGTGGCCTATTTCAACTTACTCTTGAAAGT	24865	1	1.0	CTTGCGTGACAATCTTAAACCTGTTACTAC	1	1.0	TCAAATTACCATCTCATGATGTTACTGT	{24837}
2.7232360029807228	23276	23390	114	23276	1	1.0	TCAGAGAAACATTCATTCAAGCCGTATAGC	23360	1	1.0	GGGTACTGTTGATGTTGACTATAAGTCTTG	1	1.0	AGGACGTAGTGCTTTGGAAGATTTGTTG	{23306}
2.7405681611474058	21941	22058	117	21941	1	1.0	GACGGTTGCATTTGCTACTTTTGTTGATGT	22028	1	1.0	TGAAAAGTTGCAGTGTGAGCACTTGCAGTT	1	1.0	AAAACTTACTGTATTGCGATTCTCCATT	{22000}
2.7461433771173467	13676	13794	118	13676	1	1.0	CACACTCAGTTAGGTTGACAATTACTGAAC	13764	1	1.0	TCAACGCACTATTTGTTTTTCTGTTGCAGC	1	1.0	CCTTCCTTGATAATATCTTCTTCCCCAG	{13726}
2.7461433771173467	14765	14883	118	14765	1	1.0	CAACGACGTCTGTATGATAATTGCTATAGG	14853	1	1.0	TTTCAATGATGATTCTCTCTGATGACGGTG	1	1.0	TTAACTAGTGTTGAAGAGTCTTTCATTG	{14795}
2.751623285568201	25680	25799	119	25680	1	1.0	CTAATAGTAGTGTGCCTCTTTCAGAGGTTT	25769	1	1.0	GTGTTGCAGTATGGGCATTATAAGTATAGC	1	1.0	TGTCCAGTTACGTAACTGGAACTTTAGT	{25711}
2.757011090344213	26601	26691	90	26601	1	1.0	TATTACCTAGGTACTGGACCTCATAAGGAC	26661	1	1.0	GTTTGGGTTGCTAAGGAAGGTGCTAAAACT	3	1.0	CTTAAATTCAGACAACGTCTTGATGGTG CTTAAATTCAGACAACGTTCTGATGGTG CTTAAATTCAGACAACGTTTTGATGGTG	{26631} {26631} {26631}
2.7623098364064735	25081	25202	121	25081	1	1.0	GCTGTTGTTTCGATTCATACATGTTGGCTA	25172	1	1.0	GTTTCAGGCAAGTGTTGGTATCTTGAACAA	1	1.0	TCTCTATAAAAATTTTTCATTTGTTTTG	{25120}
2.7675224201679636	26316	26438	122	26316	1	1.0	GTGTTTTGTCAGAAAGAGAGAAGTTGCTTC	26408	1	1.0	GAAATTTCCTCCTCCTTCATTTTACATGCC	1	1.0	GTGTAAATTGGGCCGATGACAGAGCTGC	{26374}
2.7686857056612073	519	623	104	519	1	1.0	CCATTCCTTCTGTAGCCGTTCGCACTTATA	593	1	1.0	TTTGGCTTACAGGATTGTGTAACCGGTATT	2	1.0	AGGTTTTCAGGCATGCCGCTTTGTTGCT TCGAAGCCGCTGCACAAGGTTTTCAGGC	{565} {549}
2.7777	3194	3318	124	3194	1	1.0	CCTACCCATAAAGTCAAGCTCATATTTGAG	3288	1	1.0	GTGATTGGGAAGGTCTACATGAAGTTCTTA	1	1.0	GATGATGTTGTTACCAGTCTTTGTAAGA	{3230}
2.7777	9400	9524	124	9400	1	1.0	CATAGCACCATCAACCACTGTTCTTATTGA	9494	1	1.0	TTGGGAGTTGTTGGTGTTACAATGCATGGT	1	1.0	TGCATAATTTTTCAGTGTCTTATAATGG	{9459}
2.7875643733214486	11628	11754	126	11628	1	1.0	GTCAGTTATACCTGCAACTTCAGCTTCCAA	11724	1	1.0	TGCTGGAGTTGTTTGGACACTTAATGATGT	1	1.0	AGATTGTTTGTGATGGTTCTGTTTATTA	{11696}
2.7875643733214486	17097	17223	126	17097	1	1.0	GTTGCTATAACACGTGCTAAGAAGGGTATA	17193	1	1.0	TTACACTCTAGCCAGGTTTGTGGCTTGTTT	1	1.0	TCACTTAAGTTTTTTGAGATTAAACATG	{17160}
2.792385018119717	24014	24141	127	24014	1	1.0	TAGATATGGTTTTTGTGGCAATGGCACCCA	24111	1	1.0	GATTACAAGAATGTAAAGGCGTGGTCGGGT	1	1.0	ATCGTCAACTCAGCTCCAGATGGTTTGC	{24054}
2.7971342433258255	26206	26334	128	26206	1	1.0	AATTGTTTGTGACCGTGTTGGTCGCTCTGT	26304	1	1.0	CCTCTCAGGAGGGTGTTTTGTCAGAAAGAG	1	1.0	TAATGAAACAAGCCAGACTGGTTGGGCA	{26236}
2.7971342433258255	27219	27347	128	27219	1	1.0	GCTGCGTTATTCTTTGATAGTGAGGTTAGC	27317	1	1.0	GAACCTTCCTAAGTTCATTGAGCAGATTAG	1	1.0	ACTGATGAAGTGGGTGATAATGTTCAGA	{27249}
2.801814134296109	1003	1132	129	1003	1	1.0	AGGTCATACTTTGAAGTCTGGTTGCAAACT	1102	1	1.0	GGCGTTTGGTTCACCATTTATTACAAATGG	1	1.0	TTTTGAGTGGTGAATGGAATGCTGTGTA	{1071}
2.801814134296109	7830	7959	129	7830	1	1.0	CAAAACAGGGTGCTGGTTTTAAACGTACTT	7929	1	1.0	CAACCACTGTAACTAGCTTTCATGGTTATG	1	1.0	CTGTGGTATGTATGTTTATTTGTTGTTG	{7868}
2.8064266863651715	710	840	130	710	1	1.0	CGAGGTTGGCTCATTTTTTCTAACAGCAAT	810	1	1.0	TGTGTGGTTTTGATGGTAAACCTGTGTTAC	1	1.0	TTGATGTTGTTTTTGGCCATGGTGCAGG	{756}
2.8109738099539405	23773	23904	131	23773	1	1.0	CTCTTAACCATCTCACTTCACAATTGAGAC	23874	1	1.0	CAAGTTGACAGATTAATTACTGGACGGCTT	1	1.0	TGCTATTTATGACCGGCTTGATTCAATT	{23834}
2.8109738099539405	27321	27452	131	27321	1	1.0	CTTCCTAAGTTCATTGAGCAGATTAGTGCT	27422	1	1.0	TGCTTCTATTCCAGAATCTAAACCATTGGC	1	1.0	AACCCAGTTCTGTCAAAGAAATGCAGTC	{27358}
2.8285435130281846	953	1088	135	953	1	1.0	GAACAGCAAAATGTTTTAGCCATTGAGAGC	1058	1	1.0	TCTTCTAAGGTTGTTTTGAGTGGTGAATGG	1	1.0	TCTTGGTACTACAGGTCATACTTTGAAG	{991}
2.8327894934871645	480	616	136	480	1	1.0	CTGTTGCAAGTGATTCGGAAATTTCAGGTT	586	1	1.0	TGTTGCTTTTGGCTTACAGGATTGTGTAAC	1	1.0	TTGGTTTTGCCATTCCTTCTGTAGCCGT	{510}
2.8327894934871645	14507	14643	136	14507	1	1.0	TGGGCTCTAAGCATGTTAATTGTTGTACTG	14613	1	1.0	TTTATTTTAAGCCAGGTGGTACGACTTCTG	1	1.0	CAACAGATAGGTTTTATAGGCTTGGTAA	{14537}
2.8327894934871645	25712	25848	136	25712	1	1.0	GTCCATTTACGTAACTGGAACTTTAGTTGG	25818	1	1.0	AGATGTCTGTTTTATGGTGTTTATGGCCAC	1	1.0	GTATGGGCATTATAAGTATAGCAGACTT	{25777}
2.836979969342407	27445	27582	137	27445	1	1.0	CATTGGCTGATGATGATTCAGCCATTATAG	27552	1	1.0	GCGTTTAGCGCATGATAAGGGTTTAGTCTT	1	1.0	CAACGAGGTTTTGCATTAAATTGTTTTG	{27482}
2.8411163730311917	23904	24042	138	23904	1	1.0	GCAGCTTTGAATGCATTTGTTTCCCAAGTT	24012	1	1.0	AATAGATATGGTTTTTGTGGCAATGGCACC	1	1.0	TCCAGACGCTTAGCACAGCAGAAGATTA	{23961}
2.8452000822449524	597	736	139	597	1	1.0	GCTTACAGGATTGTGTAACCGGTATTAATG	706	1	1.0	TTTGCGAGGTTGGCTCATTTTTTCTAACAG	1	1.0	ATGATGATTATGTCATTGCATTGACTGG	{627}
2.849232422683972	1200	1340	140	1200	1	1.0	CTGAGAGTTGGAGTGTTGGTGCATGGGATG	1310	1	1.0	ATCACCTCAACTGGTGCTGGTTGTGGTGTT	1	1.0	GTTACTTATCTTCTTGTTGTGGCACACC	{1230}
2.849232422683972	14635	14775	140	14635	1	1.0	GACTTCTGGTGACGCTAGTACAGCTTATGC	14745	1	1.0	ATGTTAATGTTAGGGATCTACAACGACGTC	1	1.0	TTAACAGGTTGTTTAGTGTCCCATCAGA	{14706}
2.8532146706409636	2902	3043	141	2902	1	1.0	CATGACTTTTCCTTGTGTTAGTTGTGTCAC	3013	1	1.0	AACTGTTTTTGTTGAACCTAAGGATGGTGG	1	1.0	TTTTTCTATGAATTTTTAGACACTTGTT	{2933}
2.8532146706409636	10022	10163	141	10022	1	1.0	GCTATTCTATTTTGGCAGCAAAAACTGGTG	10133	1	1.0	TATGTGATGAGTTCACACTAGCTGAAGTTG	1	1.0	AGTGTTGAACAATTGTTAGCTTCCATTC	{10054}
2.8610337616452868	13805	13948	143	13805	1	1.0	GTTTGACAAATCAAGTTGTTAAGCCAGGTC	13918	1	1.0	TTCGCACAGAATGGTGATGCTGCTGTTAAA	1	1.0	TGAAGAGTTTTATAACTTTCTTCGTTTA	{13842}
2.8648729313414405	11096	11240	144	11096	1	1.0	CAGCTAATTCTAGTGAATGGGCTTATTGTG	11210	1	1.0	GTAAACATAGTGATTTTGGTCTTGATGGCC	1	1.0	TCAAGGTATGTTGTTAGCACTCCTTGCG	{11172}
2.8648729313414405	11892	12036	144	11892	1	1.0	GCAAAAACCTATGAAAGCTGAGGGTGATGG	12006	1	1.0	CCTTAAATTTGTTAAGTGGGAGTATGAGGG	1	1.0	TGGTGTTTTAGGTGATGGTAATGCCTTG	{11922}
2.8648729313414405	23276	23420	144	23276	1	1.0	TCAGAGAAACATTCATTCAAGCCGTATAGC	23390	1	1.0	TACTAAAGGTCTTTCTATTGCTGACCTTGC	1	1.0	AGGACGTAGTGCTTTGGAAGATTTGTTG	{23306}
2.8724160284948064	3863	4009	146	3863	1	1.0	GGTAAAAAGTTTGATGAGCAGGTTGGTTGT	3979	1	1.0	TATGAAAGGTACTGGTGTGTTTGTACAGGA	1	1.0	CACAAAACTTTTTCAAAAAGGTGAGTGT	{3913}
2.876122044777587	13606	13753	147	13606	1	1.0	GTTCCACTTGTTACAACTGCTGGTTATCAT	13723	1	1.0	GACCCTTCCTTGATAATAGCTTCTTCCCCA	1	1.0	AAAGATGTTAACACGCACTCAGTTAGGT	{13663}
2.8797857056612073	25842	25990	148	25842	1	1.0	GGCCACTTGTTCTAGCTTTGTCTATTTTTG	25960	1	1.0	TTTTGTTAATAGTTTCAGACTTTGGCGCCG	1	1.0	TGTGGACTGGGTCTTTTTTGGTTTTAGT	{25891}
2.8834079683607334	9496	9645	149	9496	1	1.0	GGGAGTTGTTGGTGTTACAATGCATGGTTC	9615	1	1.0	TAGCATGTTATGAAGGTATTGCATCTGGTG	1	1.0	TGTGTTGCGTATTAAGGTTTCACAATCT	{9526}
2.8869897580044537	3328	3478	150	3328	1	1.0	GAATGTCATTGGGCAACATATTAAGTTGCC	3448	1	1.0	TTGTGTTGTTGAAGCGAGCACTGATTTTCA	1	1.0	GTTATGATGTTTCTAAACCAGTTATGAT	{3387}
2.8869897580044537	3648	3798	150	3648	1	1.0	GTACCACACTTGTACAGTTGCAACTTACAA	3768	1	1.0	TTAGTGGTTCACTTGGTGATAGTGGTAAAC	1	1.0	TTTGGATGATTCTATTGAGATGCAATTG	{3682}
2.8869897580044537	9928	10078	150	9928	1	1.0	GTGGTTGCGTTCAACTAGAGTTAATGTTGA	10048	1	1.0	GGTGTTAGTGTTGAACAATTGTTAGCTTCC	1	1.0	TACAATTGTTTCTAGTGTTGAGTGCTAT	{9999}
2.8940354666358683	779	931	152	779	1	1.0	GCAGGAAGTGTGGTTTTTGTGGATAAGTAT	901	1	1.0	TGGTGTCACTTATCAACTAGCATGGGATGT	1	1.0	TGTGTTACCTAAAAACATGTGGGAATTT	{832}
2.8975010878282044	5648	5801	153	5648	1	1.0	GCTGAAGAGGCATTATCTAAATTGTCAGAG	5771	1	1.0	TGTGCTAGTGTGCTTAAAGATGGTTGTGAT	1	1.0	GATTCTATTGTTACTCTTGAACAATATT	{5690}
2.8975010878282044	23152	23305	153	23152	1	1.0	CCTTACGACTTAGTGCTCATTTGGAAACTA	23275	1	1.0	CTCAGAGAAACATTCATTCAAGCCGTATAG	1	1.0	TGTTAGTAGTATGCTAACTTTCGATAGC	{23186}
2.900929642842771	3194	3348	154	3194	1	1.0	CCTACCCATAAAGTCAAGCTCATATTTGAG	3318	1	1.0	CATCTGCAATGAATGTCATTGGGCAACATA	1	1.0	GATGATGTTGTTACCAGTCTTTGTAAGA	{3230}
2.9043219161711367	8480	8635	155	8480	1	1.0	CGTGACTCACATAAAGGTGTTTGTTTTGGT	8605	1	1.0	TAGTTCATCTTTTAGCGTTGTGGCTATGTC	1	1.0	GTGGTGATGGTCTTATAGACCTTCTTGT	{8559}
2.907678667660241	9701	9857	156	9701	1	1.0	GCTTGTGGTTCTCCTGGTTATAATGTTAGA	9827	1	1.0	TTTGATGACCAACCTAGTTTGCAAGTTGAG	1	1.0	ATGTTGGTTCTGATTTTACTGGTAGTGT	{9789}
2.907678667660241	13676	13832	156	13676	1	1.0	CACACTCAGTTAGGTTGACAATTACTGAAC	13802	1	1.0	CTGGTTTGACAAATCAAGTTGTTAAGCCAG	1	1.0	CCTTCCTTGATAATATCTTCTTCCCCAG	{13726}
2.907678667660241	25236	25392	156	25236	1	1.0	GTGGTGACCACTATGTCGTTTTAGGTGGTG	25362	1	1.0	ATGGTGCTGTCATTTACATTTTTGCCGAAG	1	1.0	CTATTAGAGGTTCTTGTGAAAAGAACCT	{25305}
2.907678667660241	26316	26472	156	26316	1	1.0	GTGTTTTGTCAGAAAGAGAGAAGTTGCTTC	26442	1	1.0	TTGGTTAGTTCTGATAAGGCACCATATAGG	1	1.0	GTGTAAATTGGGCCGATGACAGAGCTGC	{26374}
2.9142885273623995	825	983	158	825	1	1.0	GTAAACCTGTGTTACCTAAAAACATGTGGG	953	1	1.0	GAACAGCAAAATGTTTTAGCCATTGAGAGC	1	1.0	TGTCACTTATCAATTAGCATGGGATGTT	{904}
2.9142885273623995	13922	14080	158	13922	1	1.0	CACAGAATGGTGATGCTGCTGTTAAAGATT	14050	1	1.0	GGCTGTATTAAGGCATGTGAAGTTGTTGTA	1	1.0	GTCAAGCTAGAGTTACATATAAGATAGT	{13994}
2.920764845367944	8048	8208	160	8048	1	1.0	CATGAGGCTAAGTTTGGTGTTGTTACTACT	8178	1	1.0	TTACATTACAGGCTGCTTTTGGAAACACAG	1	1.0	CTATAGTTGTTGGTGTTTCAGAGCGTGT	{8094}
2.923954591467449	23773	23934	161	23773	1	1.0	CTCTTAACCATCTCACTTCACAATTGAGAC	23904	1	1.0	GCAGCTTTGAATGCATTTGTTTCCCAAGTT	1	1.0	TGCTATTTATGACCGGCTTGATTCAATT	{23834}
2.923954591467449	25638	25799	161	25638	1	1.0	CCTGTTCCAGCTGAAGTACTAAATGTCTAA	25769	1	1.0	GTGTTGCAGTATGGGCATTATAAGTATAGC	1	1.0	TAAACGATGTCTAATAGTAGTGTGCCTC	{25670}
2.927112910986066	11823	11985	162	11823	1	1.0	GCCTCTTATCCTTAATTGTGAACGTGTTGT	11955	1	1.0	TACTGAGGGTGGTAAAACTTTTATGTACGC	1	1.0	GGTGGTGTTTTAGGTGATGGTAATGCCT	{11920}
2.930240417140111	1102	1265	163	1102	1	1.0	GGCGTTTGGTTCACCATTTATTACAAATGG	1235	1	1.0	TTATCTTCTTGTTGTGGCACACCTGCTAAG	1	1.0	TATGTCATTGCTAGATATAATTGTTAAA	{1132}
2.93097901698314	21818	21951	133	21818	1	1.0	TGTGCGTGAGATTGTTGTTGCTAGAACTGG	21921	1	1.0	GCTAGTGCCACAGATTTTTGGACGGTTGCA	2	1.0	TGGTTTTAAGTATTTCGATTTGGGTTTC TGGTTTTAAGTATTTTGATTTGGGTTTT	{21863} {21863}
2.9333377053709504	7830	7994	164	7830	1	1.0	CAAAACAGGGTGCTGGTTTTAAACGTACTT	7964	1	1.0	AAGTACATTGAGAATGGTCAGTTGAAGGTG	1	1.0	CTGTGGTATGTATGTTTATTTGTTGTTG	{7868}
2.9333377053709504	24706	24870	164	24706	1	1.0	GAGGTTGTTGTGATTGTGGTTCAACTAAAC	24840	1	1.0	AATTACCACCTCATGATGTTACTGTCTTGC	1	1.0	TCCACGTTCAATAATGCCTTTTGGTGGC	{24760}
2.9364053540254123	24080	24245	165	24080	1	1.0	GCTTTTTCTTCATACTGTTTTGCTGCCAAC	24215	1	1.0	TCGTGTAACTTCCAGGGTCATGTTTCAACC	1	1.0	GCTATGTTCTGCGTCAACCTAACTTGGT	{24163}
2.9364053540254123	25081	25246	165	25081	1	1.0	GCTGTTGTTTCGATTCATACATGTTGGCTA	25216	1	1.0	TCGTTTTGCTGCTATTTATGGTGGTGACCA	1	1.0	TCTCTATAAAAATTTTTCATTTGTTTTG	{25120}
2.939443925003943	9858	10024	166	9858	1	1.0	GTGCCAACCTTATGCTATCAGATAATGTTG	9994	1	1.0	GGTTATACAAGTGTTTCTAGTGTTGAGTGC	1	1.0	GTTGAATGGTTGTAGGTGGTGGTTGTGT	{9910}
2.939443925003943	26077	26243	166	26077	1	1.0	GGCTGCACCTACAGGTGTTACATTAACACT	26213	1	1.0	TGTGACCGTGTTGGTCGCTCTGTTAATGAA	1	1.0	TCTTAGTGGTGTACTTCTTGTTGATGGC	{26107}
2.9424539643783345	7575	7742	167	7575	1	1.0	CTTATGCTAAACCTGAAGATAAGTTGTCCG	7712	1	1.0	CTTTCTCAAGAGGGTAAGAAGTACCTTGTT	1	1.0	TGTTTGGGGTGTCAAGGACTTTAATACT	{7684}
2.9424539643783345	9760	9927	167	9760	1	1.0	ACACCAAATTGAGTTAGGTAGTGGTGCTCA	9897	1	1.0	TGTATGCTGCTTTGTTGAATGGTTGTAGGT	1	1.0	TGTTGGTTCTGATTTTACTGGTAGTGTT	{9790}
2.9424539643783345	27445	27612	167	27445	1	1.0	CATTGGCTGATGATGATTCAGCCATTATAG	27582	1	1.0	ACACACAATGGTAGGCCAGTGATAGTAAAG	1	1.0	CAACGAGGTTTTGCATTAAATTGTTTTG	{27482}
2.9454360029807227	920	1088	168	920	1	1.0	GCATGGGATGTTATACGTAAAGACCTTTCT	1058	1	1.0	TCTTCTAAGGTTGTTTTGAGTGGTGAATGG	1	1.0	TCTTGGTACTACAGGTCATACTTTGAAG	{991}
2.9454360029807227	20570	20738	168	20570	1	1.0	GGCCACTGTTGTTGTTACACTTAAAGATAG	20708	1	1.0	CTTTTCTTGATTTTGCTTGTTTTGCCCCTG	1	1.0	AGGTTGTTGTTACGCAATAATGGTCGTT	{20640}
2.9513181283451795	5813	5983	170	5813	1	1.0	CCACACAGACATAAATTGCGTTCACGTGTT	5953	1	1.0	TAACGGTCACTATGTAGTTTATGATGCTGC	1	1.0	AAGTTTGTTAATGGACGTGTTGTTATTA	{5843}
2.9513181283451795	14713	14883	170	14713	1	1.0	GTTGCTTAGTGTCCCATCAGATTCATGTAA	14853	1	1.0	TTTCAATGATGATTCTCTCTGATGACGGTG	1	1.0	TGCTATAGGTTAACTAGTGTTGAAGAGT	{14786}
2.9570942636811997	3452	3624	172	3452	1	1.0	GTTGTTGAAGCGAGCACTGATTTTCATCAA	3594	1	1.0	GAGATGAATTGGGTGTTCGTGTTTTAGATC	1	1.0	AAGAGGTTGATATAATTGAACAATCTTT	{3513}
2.9570942636811997	10022	10194	172	10022	1	1.0	GCTATTCTATTTTGGCAGCAAAAACTGGTG	10164	1	1.0	GAAGCAGATGTATGGTGTTAACTTGCAAAG	1	1.0	AGTGTTGAACAATTGTTAGCTTCCATTC	{10054}
2.9599437654486547	23968	24141	173	23968	1	1.0	GCTTAGCACAGCAGAAGATTAATGAATGTG	24111	1	1.0	GATTACAAGAATGTAAAGGCGTGGTCGGGT	1	1.0	ATCGTCAACTCAGCTCCAGATGGTTTGC	{24054}
2.9627681611474057	26619	26793	174	26619	1	1.0	CCTCATAAGGACCTTAAATTCAGACAACGT	26763	1	1.0	CCAGAGCTCTCTGTTGTTGAGTTTGAGGAT	1	1.0	TTTGGAACCAAAGTTCTCTATTGCTTTG	{26732}
2.9683433771173466	3863	4039	176	3863	1	1.0	GGTAAAAAGTTTGATGAGCAGGTTGGTTGT	4009	1	1.0	TCCAGCACCTATTGACATTGATGCTTTCCC	1	1.0	CACAAAACTTTTTCAAAAAGGTGAGTGT	{3913}
2.9683433771173466	5473	5649	176	5473	1	1.0	CACCGACAATAATTGTTGGGTTAATGCAAC	5619	1	1.0	CTATGTCTTCAAAGGGTCAAAAGGGTGATG	1	1.0	TACATTTAAATCTAAGGGTTTAAATGTT	{5530}
2.9710950406914325	21774	21951	177	21774	1	1.0	AACACCACTCATGTTAGCACTTTTGTGGGT	21921	1	1.0	GCTAGTGCCACAGATTTTTGGACGGTTGCA	1	1.0	GTTGTTGCTAGAACTGGTCAGTTTTATA	{21831}
2.9765285070070253	597	776	179	597	1	1.0	GCTTACAGGATTGTGTAACCGGTATTAATG	746	1	1.0	CTTCAGGACTTTGATGTTGTTTTTGGCCAT	1	1.0	ATGATGATTATGTCATTGCATTGACTGG	{627}
2.9765285070070253	953	1132	179	953	1	1.0	GAACAGCAAAATGTTTTAGCCATTGAGAGC	1102	1	1.0	GGCGTTTGGTTCACCATTTATTACAAATGG	1	1.0	TCTTGGTACTACAGGTCATACTTTGAAG	{991}
2.9765285070070253	25467	25646	179	25467	1	1.0	GTCCTCAATTCCATTTTATGGCTCCTTGTT	25616	1	1.0	CCAAGATTATATGCAAATAGCACCTGTTCC	1	1.0	ATGATATTTTTCTTTGTGTTGGCTATGA	{25497}
2.979211090344213	26601	26721	120	26601	1	1.0	TATTACCTAGGTACTGGACCTCATAAGGAC	26691	1	1.0	GTTAATACCAGTCTTGGTAATCGCAAACGT	3	1.0	CTTAAATTCAGACAACGTCTTGATGGTG CTTAAATTCAGACAACGTTCTGATGGTG CTTAAATTCAGACAACGTTTTGATGGTG	{26631} {26631} {26631}
2.9871267230863787	553	736	183	553	1	1.0	AGCCGCTGCACAAGGTTTTCAGGCATGCCG	706	1	1.0	TTTGCGAGGTTGGCTCATTTTTTCTAACAG	1	1.0	ATGATGATTATGTCATTGCATTGACTGG	{627}
2.9871267230863787	23904	24087	183	23904	1	1.0	GCAGCTTTGAATGCATTTGTTTCCCAAGTT	24057	1	1.0	GTCAACTCAGCTCCAGATGGTTTGCTTTTT	1	1.0	TCCAGACGCTTAGCACAGCAGAAGATTA	{23961}
2.9871267230863787	26525	26708	183	26525	1	1.0	TGGTTATTGGAATGTTCAAGAGCGTTGGCG	26678	1	1.0	AGGTGCTAAAACTGTTAATACCAGTCTTGG	1	1.0	TATGCGCAGGGGGCAACGTGTTGATTTG	{26555}
2.992297268051916	5648	5833	185	5648	1	1.0	GCTGAAGAGGCATTATCTAAATTGTCAGAG	5803	1	1.0	TGGTTTTTGTCCACACAGACATAAATTGCG	1	1.0	GATTCTATTGTTACTCTTGAACAATATT	{5690}
2.992297268051916	23152	23337	185	23152	1	1.0	CCTTACGACTTAGTGCTCATTTGGAAACTA	23307	1	1.0	GGACGTAGTGCTTTGGAAGATTTGTTGTTT	1	1.0	TGTTAGTAGTATGCTAACTTTCGATAGC	{23186}
2.9948515990016813	12187	12373	186	12187	1	1.0	CAAGCTGGTAAACAAACTGAATTGGCTGTT	12343	1	1.0	GGTCAAGCTATAACAACTAGTGTAGATGCT	1	1.0	AATTCTGGACTTTTAACTGCTTGTGCTT	{12217}
2.9948515990016813	17097	17283	186	17097	1	1.0	GTTGCTATAACACGTGCTAAGAAGGGTATA	17253	1	1.0	CCACCAACTCATGCACACACTTTCTTGTCG	1	1.0	TCACTTAAGTTTTTTGAGATTAAACATG	{17160}
2.9948515990016813	26568	26691	123	26568	1	1.0	CAACGTGTTGATTTGCCTCCTAAAGTTCAT	26661	1	1.0	GTTTGGGTTGCTAAGGAAGGTGCTAAAACT	3	1.0	CTTAAATTCAGACAACGTCTTGATGGTG CTTAAATTCAGACAACGTTCTGATGGTG CTTAAATTCAGACAACGTTTTGATGGTG	{26631} {26631} {26631}
2.9999	13565	13753	188	13565	1	1.0	CTGCTTTTGGTCCACTATGTCGTAAAGTTT	13723	1	1.0	GACCCTTCCTTGATAATAGCTTCTTCCCCA	1	1.0	AAAGATGTTAACACGCACTCAGTTAGGT	{13663}
2.9999	13606	13794	188	13606	1	1.0	GTTCCACTTGTTACAACTGCTGGTTATCAT	13764	1	1.0	TCAACGCACTATTTGTTTTTCTGTTGCAGC	1	1.0	AAAGATGTTAACACGCACTCAGTTAGGT	{13663}
2.9999	13922	14110	188	13922	1	1.0	CACAGAATGGTGATGCTGCTGTTAAAGATT	14080	1	1.0	ACAAATCTTAATAAGAGTGCTGGTTGGCCA	1	1.0	GTCAAGCTAGAGTTACATATAAGATAGT	{13994}
3.0023946961550467	11096	11285	189	11096	1	1.0	CAGCTAATTCTAGTGAATGGGCTTATTGTG	11255	1	1.0	TTGATAATAGTAGCACCCTTCAGAGTGTTG	1	1.0	TCAAGGTATGTTGTTAGCACTCCTTGCG	{11172}
3.0023946961550467	14765	14954	189	14765	1	1.0	CAACGACGTCTGTATGATAATTGCTATAGG	14924	1	1.0	GCAGACATTAGTGCTTTTAAAGCCACTTTG	1	1.0	TTAACTAGTGTTGAAGAGTCTTTCATTG	{14795}
3.0121837571683643	23276	23469	193	23276	1	1.0	TCAGAGAAACATTCATTCAAGCCGTATAGC	23439	1	1.0	GGCATAATGGTTTTGCCAGGTGTTGCTGAT	1	1.0	AGGACGTAGTGCTTTGGAAGATTTGTTG	{23306}
3.0169684256646945	1102	1297	195	1102	1	1.0	GGCGTTTGGTTCACCATTTATTACAAATGG	1267	1	1.0	ACTTTGTGTTGTTCCTGGTAATGTTGTTCC	1	1.0	TATGTCATTGCTAGATATAATTGTTAAA	{1132}
3.0169684256646945	3017	3212	195	3017	1	1.0	GTTTTTGTTGAACCTAAGGATGGTGGTCAA	3182	1	1.0	CATGATGTTGAACCTACCCATAAAGTCAAG	1	1.0	TTTTTTGTTTCTGGTGATTATCTTTGGT	{3047}
3.0169684256646945	7830	8025	195	7830	1	1.0	CAAAACAGGGTGCTGGTTTTAAACGTACTT	7995	1	1.0	TTGAAGCACCTTTACACTGTGTTCGTAATG	1	1.0	CTGTGGTATGTATGTTTATTTGTTGTTG	{7868}
3.0193342433258255	11892	12088	196	11892	1	1.0	GCAAAAACCTATGAAAGCTGAGGGTGATGG	12058	1	1.0	GACTCTCCTTGTCGATTTATGGTCGAAACA	1	1.0	TGGTGTTTTAGGTGATGGTAATGCCTTG	{11922}
3.0216827288338286	825	1022	197	825	1	1.0	GTAAACCTGTGTTACCTAAAAACATGTGGG	992	1	1.0	CTTGGTACTACAGGTCATACTTTGAAGTCT	1	1.0	TGTCACTTATCAATTAGCATGGGATGTT	{904}
3.0216827288338286	9760	9957	197	9760	1	1.0	ACACCAAATTGAGTTAGGTAGTGGTGCTCA	9927	1	1.0	GGTGGTTGCGTTCAACTAGAGTTAATGTTG	1	1.0	TGTTGGTTCTGATTTTACTGGTAGTGTT	{9790}
3.0216827288338286	25176	25373	197	25176	1	1.0	CAGGCAAGTGTTGGTATCTTGAACAATCAT	25343	1	1.0	CGTAAGGTTGACTTGTATAATGGTGCTGTC	1	1.0	CTATTAGAGGTTCTTGTGAAAAGAACCT	{25305}
3.024014134296109	22812	23010	198	22812	1	1.0	GGCTTGCAAAACTTACTACAGTTACCTAAC	22980	1	1.0	ACTGCTAATTTATCCATTCCCTCTAACTGG	1	1.0	TGATGGTTCTTTAATTCCTGTTCGTCCG	{22916}
3.026328706359163	23704	23903	199	23704	1	1.0	CAGAGGCTATACATACTGTTACTATTGCAC	23873	1	1.0	ACAAGTTGACAGATTAATTACTGGACGGCT	1	1.0	TGCTATTTATGACCGGCTTGATTCAATT	{23834}
3.030908310503012	11628	11829	201	11628	1	1.0	GTCAGTTATACCTGCAACTTCAGCTTCCAA	11799	1	1.0	GGAAAATGTTGAAACTTTGACATGGCCTCT	1	1.0	AGATTGTTTGTGATGGTTCTGTTTATTA	{11696}
3.030908310503012	25842	26043	201	25842	1	1.0	GGCCACTTGTTCTAGCTTTGTCTATTTTTG	26013	1	1.0	ATCCTGAAACTAATGCAATCATCTCTCTCC	1	1.0	TGTGGACTGGGTCTTTTTTGGTTTTAGT	{25891}
3.030908310503012	27360	27561	201	27360	1	1.0	CCCAGTTCTATCAAAGAAATGCAGTCACAA	27531	1	1.0	TATTATTAGTTGCAACCCCATGCGTTTAGC	1	1.0	GCTTCTATTCCAGAATCTAAACCATTGG	{27423}
3.0331738099539405	26018	26220	202	26018	1	1.0	GAAACTAATGCAATCATCTCTCTCCAGGTT	26190	1	1.0	CTACACCTAGTACCACAATTGTTTGTGACC	1	1.0	TACGGACATAATTATTACTTACCGGTGA	{26048}
3.0376573353204814	779	983	204	779	1	1.0	GCAGGAAGTGTGGTTTTTGTGGATAAGTAT	953	1	1.0	GAACAGCAAAATGTTTTAGCCATTGAGAGC	1	1.0	TGTGTTACCTAAAAACATGTGGGAATTT	{832}
3.0376573353204814	3594	3798	204	3594	1	1.0	GAGATGAATTGGGTGTTCGTGTTTTAGATC	3768	1	1.0	TTAGTGGTTCACTTGGTGATAGTGGTAAAC	1	1.0	AACTTACAAAGCTTTTGGATGATTCTAT	{3669}
3.0376573353204814	26619	26823	204	26619	1	1.0	CCTCATAAGGACCTTAAATTCAGACAACGT	26793	1	1.0	CGCTCTAATAACTCATCTCGTGCTAGCAGT	1	1.0	TTTGGAACCAAAGTTCTCTATTGCTTTG	{26732}
3.04426719502264	12086	12293	207	12086	1	1.0	CACCTAATGGTCCTCAAGTGAAGTATTTGT	12263	1	1.0	CTACTTACTTGGAAGCTGTTAAACATGGTG	1	1.0	CTGTTAATTCTGGACTTTTAACTGCTTG	{12212}
3.04426719502264	24706	24913	207	24706	1	1.0	GAGGTTGTTGTGATTGTGGTTCAACTAAAC	24883	1	1.0	ACCTGTTACTACACTTAGTACTATCACTGC	1	1.0	TCCACGTTCAATAATGCCTTTTGGTGGC	{24760}
3.04426719502264	26316	26523	207	26316	1	1.0	GTGTTTTGTCAGAAAGAGAGAAGTTGCTTC	26493	1	1.0	CCTATTGGTAAGGGTAATAAAGATGAGCAG	1	1.0	GTGTAAATTGGGCCGATGACAGAGCTGC	{26374}
3.0464405378427526	25236	25444	208	25236	1	1.0	GTGGTGACCACTATGTCGTTTTAGGTGGTG	25414	1	1.0	CTCTTCTCAACTATACGAAGATGTTCCTTC	1	1.0	CTATTAGAGGTTCTTGTGAAAAGAACCT	{25305}
3.048599245246692	597	806	209	597	1	1.0	GCTTACAGGATTGTGTAACCGGTATTAATG	776	1	1.0	GGTGCAGGAAGTGTGGTTTTTGTGGATAAG	1	1.0	ATGATGATTATGTCATTGCATTGACTGG	{627}
3.0507435130281846	25638	25848	210	25638	1	1.0	CCTGTTCCAGCTGAAGTACTAAATGTCTAA	25818	1	1.0	AGATGTCTGTTTTATGGTGTTTATGGCCAC	1	1.0	TAAACGATGTCTAATAGTAGTGTGCCTC	{25670}
3.0528735330780323	7997	8208	211	7997	1	1.0	GAAGCACCTTTACACTGTGTTCGTAATGTT	8178	1	1.0	TTACATTACAGGCTGCTTTTGGAAACACAG	1	1.0	CTATAGTTGTTGGTGTTTCAGAGCGTGT	{8094}
3.0549894934871644	920	1132	212	920	1	1.0	GCATGGGATGTTATACGTAAAGACCTTTCT	1102	1	1.0	GGCGTTTGGTTCACCATTTATTACAAATGG	1	1.0	TCTTGGTACTACAGGTCATACTTTGAAG	{991}
3.0612548428519353	11025	11240	215	11025	1	1.0	CCAATCCAAACTGACTGATTTGAAGTGTAC	11210	1	1.0	GTAAACATAGTGATTTTGGTCTTGATGGCC	1	1.0	TCAAGGTATGTTGTTAGCACTCCTTGCG	{11172}
3.0612548428519353	18617	18832	215	18617	1	1.0	ATAGGTGGTGCTGTTTGTTCAAAACATGCA	18802	1	1.0	AAAAGGGTGTTTTACTGGTGTTGATGGTGA	1	1.0	AATTTGTATCAAAAATATGTTGAGGCAT	{18647}
3.0612548428519353	23152	23367	215	23152	1	1.0	CCTTACGACTTAGTGCTCATTTGGAAACTA	23337	1	1.0	AGCAAAGTTGTTACATCTGGTTTGGGTACT	1	1.0	TGTTAGTAGTATGCTAACTTTCGATAGC	{23186}
3.0612548428519353	26525	26740	215	26525	1	1.0	TGGTTATTGGAATGTTCAAGAGCGTTGGCG	26710	1	1.0	ATCGCAAACGTAATCAGAAACCTTTGGAAC	1	1.0	TATGCGCAGGGGGCAACGTGTTGATTTG	{26555}
3.0633163730311916	3102	3318	216	3102	1	1.0	CTTCATGTAATGGTGTATTGCCAGTTGCTT	3288	1	1.0	GTGATTGGGAAGGTCTACATGAAGTTCTTA	1	1.0	CAAAATTAGCAGGTGGTAAAATATCTTT	{3135}
3.0633163730311916	3452	3668	216	3452	1	1.0	GTTGTTGAAGCGAGCACTGATTTTCATCAA	3638	1	1.0	TGTTGGATTAGTACCACACTTGTACAGTTG	1	1.0	AAGAGGTTGATATAATTGAACAATCTTT	{3513}
3.0633163730311916	12187	12403	216	12187	1	1.0	CAAGCTGGTAAACAAACTGAATTGGCTGTT	12373	1	1.0	AACACCAATCAAGATTCTTATGGTGGAGCG	1	1.0	AATTCTGGACTTTTAACTGCTTGTGCTT	{12217}
3.0633163730311916	23773	23989	216	23773	1	1.0	CTCTTAACCATCTCACTTCACAATTGAGAC	23959	1	1.0	GTTCCAGACGCTTAGCACAGCAGAAGATTA	1	1.0	TGCTATTTATGACCGGCTTGATTCAATT	{23834}
3.0653647304037195	5648	5865	217	5648	1	1.0	GCTGAAGAGGCATTATCTAAATTGTCAGAG	5835	1	1.0	CACGTGTTAAGTTTGTTAATGGACGTGTTG	1	1.0	GATTCTATTGTTACTCTTGAACAATATT	{5690}
3.0653647304037195	13731	13948	217	13731	1	1.0	CTTGATAATAGCTTCTTCCCCAGCACTCGT	13918	1	1.0	TTCGCACAGAATGGTGATGCTGCTGTTAAA	1	1.0	TGAAGAGTTTTATAACTTTCTTCGTTTA	{13842}
3.0674000822449523	17005	17223	218	17005	1	1.0	CTGTTGATTCTTCTCAAGGTAGTGAGTATG	17193	1	1.0	TTACACTCTAGCCAGGTTTGTGGCTTGTTT	1	1.0	TCACTTAAGTTTTTTGAGATTAAACATG	{17160}
3.069422592664184	10703	10922	219	10703	1	1.0	GTGCCATTGTTTTTAGGTTGTCACGTTTGA	10892	1	1.0	AGGTGAGTGCTGCTGAATTTAAATACATGG	1	1.0	TTTTTTCACCTGAAAGTGTATTTAGTGT	{10739}
3.069422592664184	12436	12655	219	12436	1	1.0	CACCCTAGTATGGATGGTTACTGTAAGTTT	12625	1	1.0	GGGGTTCTAGTGCAGCTCGACTAGAACCCT	1	1.0	GTAAATGTGTTCAGGTTCCTATTGGTTG	{12470}
3.069422592664184	14556	14775	219	14556	1	1.0	GCTTGGTAATGAGTTGGCACAAGTTTTAAC	14745	1	1.0	ATGTTAATGTTAGGGATCTACAACGACGTC	1	1.0	TTAACAGGTTGTTTAGTGTCCCATCAGA	{14706}
3.069422592664184	25771	25990	219	25771	1	1.0	GTTGCAGTATGGGCATTATAAGTATAGCAG	25960	1	1.0	TTTTGTTAATAGTTTCAGACTTTGGCGCCG	1	1.0	ATGGTTTAAAGATGTCTGTTTTATGGTG	{25809}
3.071432422683972	553	773	220	553	1	1.0	AGCCGCTGCACAAGGTTTTCAGGCATGCCG	743	1	1.0	GTTCTTCAGGACTTTGATGTTGTTTTTGGC	1	1.0	ATGATGATTATGTCATTGCATTGACTGG	{627}
3.071432422683972	11823	12043	220	11823	1	1.0	GCCTCTTATCCTTAATTGTGAACGTGTTGT	12013	1	1.0	TTTGTTAAGTGGGAGTATGAGGGTGGTTGC	1	1.0	GGTGGTGTTTTAGGTGATGGTAATGCCT	{11920}
3.071432422683972	14507	14727	220	14507	1	1.0	TGGGCTCTAAGCATGTTAATTGTTGTACTG	14697	1	1.0	GTTCTAACATTAACAGGTTGCTTAGTGTCC	1	1.0	CAACAGATAGGTTTTATAGGCTTGGTAA	{14537}
3.0734297303170677	710	931	221	710	1	1.0	CGAGGTTGGCTCATTTTTTCTAACAGCAAT	901	1	1.0	TGGTGTCACTTATCAACTAGCATGGGATGT	1	1.0	TTGATGTTGTTTTTGGCCATGGTGCAGG	{756}
3.0734297303170677	3777	3998	221	3777	1	1.0	CACTTGGTGATAGTGGTAAACTTCTTAGTG	3968	1	1.0	AAGCTTGTTAGTATGAAAGGTACTGGTGTG	1	1.0	GAAAAATATACATGTTCTATAACTTTTG	{3818}
3.0734297303170677	9496	9717	221	9496	1	1.0	GGGAGTTGTTGGTGTTACAATGCATGGTTC	9687	1	1.0	CTTTTATAAATGGAGCTTGTGGTTCTCCTG	1	1.0	TGTGTTGCGTATTAAGGTTTCACAATCT	{9526}
3.0734297303170677	9786	10007	221	9786	1	1.0	CTCATGTTGGTTCTGATTTTACTGGTAGTG	9977	1	1.0	AATGGGCTATGGCTAATGGTTATACAAGTG	1	1.0	GTTGAATGGTTGTAGGTGGTGGTTGTGT	{9910}
3.0734297303170677	21730	21951	221	21730	1	1.0	GCCCTTCCTCTCAACCTTATTACTGTTTTA	21921	1	1.0	GCTAGTGCCACAGATTTTTGGACGGTTGCA	1	1.0	ATGTTAGCACTTTTGTGGGTGTCCTACC	{21784}
3.0754146706409635	2902	3124	222	2902	1	1.0	CATGACTTTTCCTTGTGTTAGTTGTGTCAC	3094	1	1.0	TTATCCAGCTTCATGTAATGGTGTATTGCC	1	1.0	TTTTTCTATGAATTTTTAGACACTTGTT	{2933}
3.0754146706409635	26568	26790	222	26568	1	1.0	CAACGTGTTGATTTGCCTCCTAAAGTTCAT	26760	1	1.0	CCTCCAGAGCTCTCTGTTGTTGAGTTTGAG	1	1.0	TTTGGAACCAAAGTTCTCTATTGCTTTG	{26732}
3.077387395870145	15207	15430	223	15207	1	1.0	CATACCCTCTTTCAAAACACCCTAATTCTG	15400	1	1.0	ATTGCAAGCTGCTGGTTTATGTGTTGTTTG	1	1.0	TTGATAATCAAGAAGATAAGTTTTGGTG	{15333}
3.077387395870145	23276	23499	223	23276	1	1.0	TCAGAGAAACATTCATTCAAGCCGTATAGC	23469	1	1.0	GCTGAACGTATGGCCATGTACACAGGTTCT	1	1.0	AGGACGTAGTGCTTTGGAAGATTTGTTG	{23306}
3.0793480554261383	23968	24192	224	23968	1	1.0	GCTTAGCACAGCAGAAGATTAATGAATGTG	24162	1	1.0	GGCTATGTTCTGCGTCAACCTAACTTGGTT	1	1.0	ATCGTCAACTCAGCTCCAGATGGTTTGC	{24054}
3.0812967960054203	9701	9926	225	9701	1	1.0	GCTTGTGGTTCTCCTGGTTATAATGTTAGA	9896	1	1.0	TTGTATGCTGCTTTGTTGAATGGTTGTAGG	1	1.0	ATGTTGGTTCTGATTTTACTGGTAGTGT	{9789}
3.0812967960054203	24884	25109	225	24884	1	1.0	CCTGTTACTACACTTAGTACTATCACTGCT	25079	1	1.0	ACGCTGTTGTTTCGATTCATACATGTTGGC	1	1.0	TGTTGCTTGTTTTGTTTTAAAACTATTG	{24979}
3.0832337616452867	3863	4089	226	3863	1	1.0	GGTAAAAAGTTTGATGAGCAGGTTGGTTGT	4059	1	1.0	CTGTATATTTAGGTGTTAAGGGTTCTGGTC	1	1.0	CACAAAACTTTTTCAAAAAGGTGAGTGT	{3913}
3.0832337616452867	13606	13832	226	13606	1	1.0	GTTCCACTTGTTACAACTGCTGGTTATCAT	13802	1	1.0	CTGGTTTGACAAATCAAGTTGTTAAGCCAG	1	1.0	AAAGATGTTAACACGCACTCAGTTAGGT	{13663}
3.087072931341441	22812	23040	228	22812	1	1.0	GGCTTGCAAAACTTACTACAGTTACCTAAC	23010	1	1.0	ACTACTTCAGTTCAAGTTGAGTACCTCCAA	1	1.0	TGATGGTTCTTTAATTCCTGTTCGTCCG	{22916}
3.087072931341441	25176	25404	228	25176	1	1.0	CAGGCAAGTGTTGGTATCTTGAACAATCAT	25374	1	1.0	TTTACATTTTTGCCGAAGAGCCTGTTGTTG	1	1.0	CTATTAGAGGTTCTTGTGAAAAGAACCT	{25305}
3.0889754107419014	9928	10157	229	9928	1	1.0	GTGGTTGCGTTCAACTAGAGTTAATGTTGA	10127	1	1.0	CTAGTTTATGTGATGAGTTCACACTAGCTG	1	1.0	TACAATTGTTTCTAGTGTTGAGTGCTAT	{9999}
3.0889754107419014	13565	13794	229	13565	1	1.0	CTGCTTTTGGTCCACTATGTCGTAAAGTTT	13764	1	1.0	TCAACGCACTATTTGTTTTTCTGTTGCAGC	1	1.0	AAAGATGTTAACACGCACTCAGTTAGGT	{13663}
3.0889754107419014	23704	23933	229	23704	1	1.0	CAGAGGCTATACATACTGTTACTATTGCAC	23903	1	1.0	TGCAGCTTTGAATGCATTTGTTTCCCAAGT	1	1.0	TGCTATTTATGACCGGCTTGATTCAATT	{23834}
3.0927468288076465	9626	9857	231	9626	1	1.0	GAAGGTATTGCATCTGGTGTTTTTGGTGTT	9827	1	1.0	TTTGATGACCAACCTAGTTTGCAAGTTGAG	1	1.0	ATGTTGGTTCTGATTTTACTGGTAGTGT	{9789}
3.0927468288076465	25467	25698	231	25467	1	1.0	GTCCTCAATTCCATTTTATGGCTCCTTGTT	25668	1	1.0	ACTAAACGATGTCTAATAGTAGTGTGCCTC	1	1.0	ATGATATTTTTCTTTGTGTTGGCTATGA	{25497}
3.0946160284948063	26018	26250	232	26018	1	1.0	GAAACTAATGCAATCATCTCTCTCCAGGTT	26220	1	1.0	GTGTTGGTCGCTCTGTTAATGAAACAAGCC	1	1.0	TACGGACATAATTATTACTTACCGGTGA	{26048}
3.09647439218088	17097	17330	233	17097	1	1.0	GTTGCTATAACACGTGCTAAGAAGGGTATA	17300	1	1.0	GACTACAGGTGATTTAGCTGTTCAAATAGG	1	1.0	TCACTTAAGTTTTTTGAGATTAAACATG	{17160}
3.098322044777587	26619	26853	234	26619	1	1.0	CCTCATAAGGACCTTAAATTCAGACAACGT	26823	1	1.0	CGTTCTTCAACTCGTAACAACTCACGAGAC	1	1.0	TTTGGAACCAAAGTTCTCTATTGCTTTG	{26732}
