cost	target-start	target-end	target-length	left-primer-start	left-primer-num-primers	left-primer-frac-bound	left-primer-target-sequences	right-primer-start	right-primer-num-primers	right-primer-frac-bound	right-primer-target-sequences	num-guides	total-frac-bound-by-guides	guide-target-sequences	guide-target-sequence-positions
2.6647897580044537	10969	11074	105	10969	1	0.9909255898366606	AGCATTTGATGGTACTATGTATGGTGCCTT	11044	1	0.9909255898366606	CAGTGTTAATGTAGTAGCTTGGCTTTACGC	1	0.9909255898366606	TATGGACAAACAAGTGCACCAGATTCAG	{10999}
2.7111377053709504	13454	13566	112	13454	1	0.9909255898366606	GTTAACTTCACCGTTGATCCTCAAAAAGCT	13536	1	0.9909255898366606	TGCTTACTCCTAAAACTGGTACAGGTATAG	1	0.9872958257713249	ATCTCGATTTCGTCAATGCGGGAGGTGC	{13485}
2.7623098364064735	9150	9271	121	9150	1	0.9909255898366606	ATGGTATCATGAGCATGTTGGTGGTGTCTA	9241	1	0.9909255898366606	ATTCCAGACGTACCTACTACATTGGCTTGG	1	0.9872958257713249	GACAGCTCTATCACATGCCCATTGACAG	{9181}
2.7623098364064735	9257	9378	121	9257	1	0.9909255898366606	CTACATTGGCTTGGGTGAACAATCAGATAA	9348	1	0.9909255898366606	GATACCCTATAAGAGTTTCTCTGATAGTGG	1	0.9909255898366606	TCTCGAGTCTTTGCTAATACAGGCAGTG	{9298}
2.8285435130281846	10969	11104	135	10969	1	0.9909255898366606	AGCATTTGATGGTACTATGTATGGTGCCTT	11074	1	0.9909255898366606	AGCAATACTTAATGGTTGCGCTTGGTTTGT	1	0.9909255898366606	TATGGACAAACAAGTGCACCAGATTCAG	{10999}
2.8452000822449524	19172	19311	139	19172	1	0.9909255898366606	GGCAATCTTGCTACTAATCACGATCGTTAT	19281	1	0.9927404718693285	TAGAACGTGTGGATTGGGATATAGAGTATC	1	0.9836660617059891	CTGTCCATCAAGGGGCTCATGTGGCTTC	{19206}
2.8571480554261384	13454	13596	142	13454	1	0.9909255898366606	GTTAACTTCACCGTTGATCCTCAAAAAGCT	13566	1	0.9909255898366606	CTATATCTGTTAAACCAGAGAGTACAGCTG	1	0.9872958257713249	ATCTCGATTTCGTCAATGCGGGAGGTGC	{13485}
2.8571480554261384	13633	13775	142	13633	1	0.9909255898366606	TTGCCGTGCGCATATAGAACATCCTGATGT	13745	1	0.9945553539019963	AATACCCCCTGTAATGTCTGTCAATATTGG	1	0.9872958257713249	GTTTGTCCAAATCCCTGCTCAGTGTGTC	{13690}
2.920764845367944	9111	9271	160	9111	1	0.9945553539019963	TGATAAGTGCTTTGCTAATAAGCACCGGTC	9241	1	0.9909255898366606	ATTCCAGACGTACCTACTACATTGGCTTGG	1	0.9872958257713249	GTGGTGTCTATGACAGCTCTATCACATG	{9170}
2.948079969342407	6295	6432	137	6295	1	0.9909255898366606	GGGTTTGATTCTAGTAAACCAGTCACTAAG	6402	1	0.9909255898366606	TAAGAATGGTGCCATGTATAAAGGCAAACC	2	0.9836660617059891	CTTGCTTAAAGAAGACGGCGATGTGTTG TTCATGCCTAAAGAAGACGGTGATGTGT	{6342} {6340}
2.9542192055029934	9150	9321	171	9150	1	0.9909255898366606	ATGGTATCATGAGCATGTTGGTGGTGTCTA	9291	1	0.9909255898366606	CTTTGTTTCTCGAGTCTTTGCTAATACAGG	1	0.9872958257713249	GACAGCTCTATCACATGCCCATTGACAG	{9181}
2.9570942636811997	13633	13805	172	13633	1	0.9909255898366606	TTGCCGTGCGCATATAGAACATCCTGATGT	13775	1	0.9909255898366606	ATTGGATATGGGTGCAATTGTGACTCGCTT	1	0.9872958257713249	GTTTGTCCAAATCCCTGCTCAGTGTGTC	{13690}
2.9599437654486547	25854	26027	173	25854	1	0.9909255898366606	AATGGCCGTGGTACATTTGGCTTGGTTTCA	25997	1	0.9909255898366606	GAATACGACCTCGAGCCGCATAAGGTTCAT	1	0.985480943738657	TTGCTGGGCTTGTTGCCTTAGCTCTAAG	{25884}
2.9627681611474057	19286	19460	174	19286	1	0.9927404718693285	CGTGTGGATTGGGATATAGAGTATCCTTAT	19430	1	0.9945553539019963	GGAATTCCTATTGTTGATGACCCTGTGGTT	1	0.9872958257713249	CTGCTCTTCTTGCCGGTTCATTTGACAA	{19377}
3.0193342433258255	10878	11074	196	10878	1	0.9927404718693285	GTGGTAGTGTTGGTTACACCAAGGAGGGTA	11044	1	0.9909255898366606	CAGTGTTAATGTAGTAGCTTGGCTTTACGC	1	0.9872958257713249	CTTTATGGATAAACAAGTGCACCAAGTT	{10996}
3.030908310503012	13454	13655	201	13454	1	0.9909255898366606	GTTAACTTCACCGTTGATCCTCAAAAAGCT	13625	1	0.9909255898366606	TGTCTCTATTGCCGTGCGCATATAGAACAT	1	0.9872958257713249	ATCTCGATTTCGTCAATGCGGGAGGTGC	{13485}
3.035423411032158	19108	19311	203	19108	1	0.9909255898366606	TTCCTGCGGTTATGATTATGTCTACAACCC	19281	1	0.9927404718693285	TAGAACGTGTGGATTGGGATATAGAGTATC	1	0.9836660617059891	CTGTCCATCAAGGGGCTCATGTGGCTTC	{19206}
3.0376573353204814	19286	19490	204	19286	1	0.9927404718693285	CGTGTGGATTGGGATATAGAGTATCCTTAT	19460	1	0.9909255898366606	GATTGGCATTATTTTGATGCACAGCCCTTG	1	0.9872958257713249	CTGCTCTTCTTGCCGGTTCATTTGACAA	{19377}
3.0507435130281846	9111	9321	210	9111	1	0.9945553539019963	TGATAAGTGCTTTGCTAATAAGCACCGGTC	9291	1	0.9909255898366606	CTTTGTTTCTCGAGTCTTTGCTAATACAGG	1	0.9872958257713249	GTGGTGTCTATGACAGCTCTATCACATG	{9170}
3.071432422683972	25807	26027	220	25807	1	0.9909255898366606	GTCTTACATAGACCTTAAAGAGCTTGGCAA	25997	1	0.9909255898366606	GAATACGACCTCGAGCCGCATAAGGTTCAT	1	0.985480943738657	TTGCTGGGCTTGTTGCCTTAGCTCTAAG	{25884}
3.0832337616452867	10878	11104	226	10878	1	0.9927404718693285	GTGGTAGTGTTGGTTACACCAAGGAGGGTA	11074	1	0.9909255898366606	AGCAATACTTAATGGTTGCGCTTGGTTTGT	1	0.9872958257713249	CTTTATGGATAAACAAGTGCACCAAGTT	{10996}
3.0832337616452867	18144	18287	143	18144	1	0.9963702359346642	GGAGTAAGGCAGTCTTTATTTCGCCTTATA	18257	1	0.9909255898366606	GTTATCTTCTGTCAAACAGCAGATACGGCA	3	0.9818511796733213	GCTCGTTCAATGCTGGGCCTTATTACTC GGCTCGTTCAATGCTGGGTCTTACTACT TGTGGCTCGTTCAATTCTGGGTCTTACC	{18191} {18190} {18187}
3.1197010878282048	19286	19532	246	19286	1	0.9927404718693285	CGTGTGGATTGGGATATAGAGTATCCTTAT	19502	1	0.9909255898366606	CAACAGCTTTTCTATACAGAGGACATGGCC	1	0.9872958257713249	CTGCTCTTCTTGCCGGTTCATTTGACAA	{19377}
3.1248302666619225	20444	20693	249	20444	1	0.9909255898366606	CCTGATTATGCTTACTTCAATGGTGCTATC	20663	1	0.9909255898366606	TTGGAAAACTATGCTTTTGAGCACGTAGTC	1	0.9891107078039928	TCCGTGATAGTGATGTTGTTAAACAACC	{20475}
3.1793942636811994	4918	5006	88	4918	1	0.9909255898366606	GGTTACAATTCTTGGCATTTAGTCGAGGGT	4976	2	0.9909255898366606	ACAAGCTCCTTCATTGGTCAGATCAAACCA ATAAGCTCCTGCATTGGTCTGATCAAACCA	1	0.9872958257713249	GAACTATTGGTGCAAGACTTACGCTTAA	{4948}
3.1793942636811994	9243	9331	88	9243	1	0.9909255898366606	TCCAGACGTACCTACTACATTGGCTTGGGT	9301	2	0.9909255898366606	CGAGTCTTTGCTAATACAGGCAGTGTTTGC CGCGTCTTTGCCAATTCTAATAGTGTGTGT	1	0.9909255898366606	GAACAATCAGATAATTTTCTTTGTTTCT	{9273}
3.1793942636811994	29379	29467	88	29379	1	0.9927404718693285	GCAAAATGCTGGGTATTGGCGGAGACAGGA	29437	2	0.9909255898366606	AAGCAACTGGCTCCCAGGTGGTACTTCTAC AAGCAGCTGGCTCCCAGGTGGTATTTTTAC	1	0.9800362976406534	TAGAAAAATTAATACCGGGAATGGAATT	{29409}
3.1906433771173464	9150	9239	89	9150	1	0.9909255898366606	ATGGTATCATGAGCATGTTGGTGGTGTCTA	9209	2	0.9909255898366606	TTGCAGTAATAGCTGGAGTAGCAGGTGCTA TTGCAGTAATTGCTGGAGTTGCTGGTGCTC	1	0.9872958257713249	GACAGCTCTATCACATGCCCATTGACAG	{9181}
3.1906433771173464	25854	25943	89	25854	1	0.9909255898366606	AATGGCCGTGGTACATTTGGCTTGGTTTCA	25913	2	0.9909255898366606	GTCTTCTTCATACTGTGCTGCACTGGTTGT GTTTTCTTCATACTGTGTTGCACAGGTTGT	1	0.985480943738657	TTGCTGGGCTTGTTGCCTTAGCTCTAAG	{25884}
3.2015110903442126	13699	13789	90	13699	2	0.9909255898366606	AATACCTACACAGTGTACCAGAGATCCTGT AATCCCTGCTCAGTGTGTCCGTGACCCTGT	13759	1	0.9945553539019963	TGTCTGTCAATATTGGATTGGATATGGGTG	1	0.9909255898366606	GGGATTTTGTTTGTCAAATACCCCCTGT	{13729}
3.2221999999999995	12420	12512	92	12420	1	0.9909255898366606	GTAATGTAGATCTTGATGCGTTAGCTAGTG	12482	2	0.9909255898366606	ACTCTTTCTGAATTTTCTCACTTGGCTACG ACTCTTTCTGAGTTTTCACACTTAGCTACC	1	0.985480943738657	ATATTTTTGACACTTCTAGCGTACTTCA	{12450}
3.2687405378427523	10780	10877	97	10780	2	0.9909255898366606	TAGCGTCCTTGCATGCTACAATGGCAGACC TAGTGTGTTAGCATGCTATAATGGTCGTCC	10847	1	0.9909255898366606	ACAATTAAGGGTTCCTTTCTGTGTGGTTCT	1	0.9872958257713249	GACTGGTACATTCACTGTTGTAATGCGT	{10810}
3.2856163730311914	9182	9281	99	9182	2	0.9909255898366606	ACAACTCTATCACATGCCCATTGACAGTTG ATAACTCTATCACATGTCCCCTGACAGTTG	9251	1	0.9909255898366606	TACCTACTACATTGGCTTGGGTGAACAATC	1	0.9872958257713249	GGAGTTGCTGGTGCTCGCATTCCAGACG	{9223}
3.3093729313414406	2863	2965	102	2863	2	0.9909255898366606	GGTGCACCTGTAAAAAAAGTAGCCTTTGGC GGTGCACCTGTTAGAGAGCTGACCTTTGGT	2935	1	0.9909255898366606	GTCGAGTACAACATTCATGCTGTATTAGAC	1	0.9872958257713249	GGTGATCAAGTACATGAGGTTGCTGCTG	{2893}
3.316916028494806	7344	7447	103	7344	2	0.9909255898366606	CAAAGAAGTTAGAGCTTACCTAGGAATCTC CAAAGATGTTAGAGCTTACCTAGGTGTTTC	7417	1	0.9909255898366606	TTTGATGTACCTACATTCTGCGCAAACCGT	1	0.985480943738657	TTCTGCTTGTGACGGTCTTGCTTTAGCT	{7374}
3.331489758004454	26376	26481	105	26376	1	0.9927404718693285	CTCTATGGATTACGTGTCTCTGCTTAATCA	26451	2	0.9909255898366606	TATCCCTAAACCCACAGCTAAGTATACACC TATCCCTAAACCTACAGCCAAGTATACACC	1	0.9872958257713249	TTAATTCACCGTATACTACTTGTTTGTA	{26423}
3.3521786676602408	10210	10318	108	10210	2	0.9909255898366606	CAAGGACACTTATGCAGCTCTTAGAAACTC CAAGGATACTTATGCTGCTCTCAGAAATTC	10288	1	0.9909255898366606	TAAGTACTTCTCTGGTGCTATGGAAACAGC	1	0.9872958257713249	TAATGATGCCTATTCACGATTTTTGGGG	{10246}
3.3798405378427523	28411	28508	97	28411	2	0.9909255898366606	GTGGGTTTAACGAACTCCTTCATAATGTCT GTGGGTTTAACGAACTCTCTAATCATGTCT	28478	1	0.9909255898366606	TTATTAAAGACTGGAACTTTGCATGGTCCC	2	0.9782214156079855	CGCAACTCGCTGAGGCGCAGATTATTGC GCAACTCAATGAGGCGCAGATTATTTCT	{28448} {28449}
3.395818128345179	5658	5773	115	5658	1	0.9909255898366606	ACGCATGGTTTGGAGAGAGTGGTGCAATGT	5743	2	0.9909255898366606	GTGCAAACTGTTGAAGATCTGCGTGCTCGC GTGCAATCTATTGAAGAATTGCATCAACCG	1	0.985480943738657	AAAGATGTTGTTCTACAAGGCTTAAGAG	{5698}
3.4072681611474054	9353	9470	117	9353	1	0.9909255898366606	CCTATAAGAGTTTCTCTGATAGTGGTTGCA	9440	2	0.9909255898366606	GCCATGATCCTACTGTATTACCTGGGGCAT GCCATGATCCTACTGTTTTGCCTGGGGCTT	1	0.9782214156079855	TAGGGATGCAGAGGGCCGTATTACACCA	{9408}
3.4128433771173463	9111	9229	118	9111	1	0.9945553539019963	TGATAAGTGCTTTGCTAATAAGCACCGGTC	9199	2	0.9909255898366606	CCATTGACAGTTGCAGTAATTGCTGGAGTT CCCCTGACAGTTGCAGTAATAGCTGGAGTA	1	0.9872958257713249	GTGGTGTCTATGACAGCTCTATCACATG	{9170}
3.418323285568201	25854	25973	119	25854	1	0.9909255898366606	AATGGCCGTGGTACATTTGGCTTGGTTTCA	25943	2	0.9909255898366606	GGCACAAACTGTATGGGAAAACTTAAGTGT GGCACAAGTTGCTTGGGAAAACTTAAATGT	1	0.985480943738657	TTGCTGGGCTTGTTGCCTTAGCTCTAAG	{25884}
3.439351599001681	18574	18697	123	18574	2	0.9909255898366606	CTCTCGTGTTATATCCAGAATGGGCTTTAA CTCTCGTGTTATTTCCAGGATGGGCTTTAA	18667	1	0.9909255898366606	AGTTCGAAGCTGGATAGGCTTCGATGTTGA	1	0.9872958257713249	CAGTTCCTGGATATCCTAAGCTTTTCAT	{18615}
3.4425897580044538	6295	6400	105	6295	1	0.9909255898366606	GGGTTTGATTCTAGTAAACCAGTCACTAAG	6370	2	0.9909255898366606	TTGGCTGAGTTTGACACTTATGACCCTATT TTGGCTGAGTTTGCTACATATGACCCTATT	2	0.9836660617059891	CTTGCTTAAAGAAGACGGCGATGTGTTG TTCATGCCTAAAGAAGACGGTGATGTGT	{6342} {6340}
3.454264373321448	6413	6539	126	6413	1	0.9909255898366606	CCATGTATAAAGGCAAACCAATTCTTTGGG	6509	2	0.9909255898366606	ACCTTGCGCCAATTGAGCTGGATAATAAGT ACGTAGCCCCCATTGAACTCGAAAATAAAT	1	0.9836660617059891	AATGGAGCTAGTTTGCGTCAAATTTTTG	{6481}
3.459085018119717	10780	10907	127	10780	2	0.9909255898366606	TAGCGTCCTTGCATGCTACAATGGCAGACC TAGTGTGTTAGCATGCTATAATGGTCGTCC	10877	1	0.9927404718693285	TGTGGTAGTGTTGGTTACACCAAGGAGGGT	1	0.9872958257713249	GACTGGTACATTCACTGTTGTAATGCGT	{10810}
3.4632786676602407	19355	19463	108	19355	2	0.9909255898366606	GTCGAACGCAATGTCGTACGTGCTGCTCTC GTTGAGCGCAACGTCGTACGTGCTGCTCTT	19433	1	0.9945553539019963	ATTCCTATTGTTGATGACCCTGTGGTTGAT	2	0.9872958257713249	CTTGCCGGTTCATTCGACAAAGTCTATG CTTGCCGGTTCATTTGACAAAGTCTATG	{19385} {19385}
3.47767380995394	12102	12233	131	12102	1	0.9909255898366606	CACAAGAGTTCAGATTCATGACTGCTAACA	12203	2	0.9909255898366606	CCTTGTATAAAGGTTGCTAGTGTTCAATCC CCTTGTATAAAGGTTGCTGCTATGCAGTCT	1	0.9872958257713249	AACTGCACCTAGAAATTCTTGGGAGGCT	{12136}
3.4952435130281843	25807	25942	135	25807	1	0.9909255898366606	GTCTTACATAGACCTTAAAGAGCTTGGCAA	25912	2	0.9909255898366606	CGTCTTCTTCATACTGTGCTGCACTGGTTG TGTTTTCTTCATACTGTGTTGCACAGGTTG	1	0.985480943738657	TTGCTGGGCTTGTTGCCTTAGCTCTAAG	{25884}
3.4994894934871645	29448	29584	136	29448	2	0.9909255898366606	TCCCAGATGGTTTTTCTACTACACTGGAAC TCCCAGGTGGTACTTCTACTACACTGGAAC	29554	1	0.9927404718693285	GCTCCTTCAACTTTTGGGACGCGGAACCCT	1	0.9836660617059891	GACCCGAGGCAGCACTCCCATTCCGGGC	{29480}
3.515932422683972	10210	10350	140	10210	2	0.9909255898366606	CAAGGACACTTATGCAGCTCTTAGAAACTC CAAGGATACTTATGCTGCTCTCAGAAATTC	10320	1	0.9909255898366606	CTTATCGTGAAGCTGCAGCATGTCATCTTG	1	0.9872958257713249	TAATGATGCCTATTCACGATTTTTGGGG	{10246}
3.535366666009797	5658	5803	145	5658	1	0.9909255898366606	ACGCATGGTTTGGAGAGAGTGGTGCAATGT	5773	2	0.9909255898366606	ATGACATATGTATGCCAGTGTGGTGGTGAA ATGCTTACGACGTGCCAATGTGGTGCTGAG	1	0.985480943738657	AAAGATGTTGTTCTACAAGGCTTAAGAG	{5698}
3.542822044777587	9353	9500	147	9353	1	0.9909255898366606	CCTATAAGAGTTTCTCTGATAGTGGTTGCA	9470	2	0.9909255898366606	TCGCGTATAGTCAGATGAAACCCCATGTCC TTGCGTACAGTCAGATGAGGCCTCATGTTC	1	0.9782214156079855	TAGGGATGCAGAGGGCCGTATTACACCA	{9408}
3.542822044777587	12420	12567	147	12420	1	0.9909255898366606	GTAATGTAGATCTTGATGCGTTAGCTAGTG	12537	2	0.9909255898366606	AAGCCTATCAGGAAGCTATGGACTCTGGTG AGTCTTATCAAGAAGCTTTAGACTCAGGTG	1	0.985480943738657	ATATTTTTGACACTTCTAGCGTACTTCA	{12450}
3.5464857056612074	8412	8560	148	8412	2	0.9909255898366606	GCTGTATAATGTCACACGCGATAAGTTGGA GTTGTACAATGTCACACGTGATAAGTTGGA	8530	1	0.9909255898366606	CCCGCAGGTGTGGAGTCTGATGTTGAGACC	1	0.9872958257713249	CTACTGCTCGTGATGGCGTAAGGCGAGG	{8453}
3.5607354666358684	4932	5084	152	4932	1	0.9909255898366606	GCATTTAGTCGAGGGTGAACTATTGGTGCA	5054	2	0.9909255898366606	TGCCATTTGAAACTGTTGAGGCTTGTCGCA TTCCATTTGAAACACTTTCAGCATGTCGTG	1	0.9872958257713249	AGACTTACGCTTAAATAAGCTCCTGCAT	{4962}
3.565364373321448	20567	20693	126	20567	2	0.9927404718693285	ACACAAGGTCGCTCTTGTAGTGACTTTGAA ACTCAGAGTCGCTCTTGTAGTGACTTCCTA	20663	1	0.9909255898366606	TTGGAAAACTATGCTTTTGAGCACGTAGTC	2	0.9800362976406534	AAAGACTTTCTATTTTTTGATAGTGATG AAGACTTTCTATCTTTTGATAGTGCTGT	{20615} {20616}
3.5676296428427707	13407	13561	154	13407	2	0.9909255898366606	CCGGTTCTAATACCGAGTTTGCTTCTAATT CTGGTTCTAACACCGAGTTTGCCTCTAATT	13531	1	0.9909255898366606	TAAGATGCTTACTCCTAAAACTGGTACAGG	1	0.9872958257713249	ATCTCGATTTCGTCAATGCGGGAGGTGC	{13485}
3.580988527362399	26012	26170	158	26012	1	0.9909255898366606	CCGCATAAGGTTCATGTTCACTAATTAACG	26140	2	0.9909255898366606	ACCTGAACATTGCCAGAATTATTCTGGTCG ACCTGAGCATTGTCAGAATTATTCTGGTTG	1	0.9836660617059891	ACTCTCTTGTTAGTGTTCTCACTCTCTT	{26072}
3.58877380995394	22597	22728	131	22597	2	0.9909255898366606	AAAAATGCCTCTCTCAACTCTTTCAAGGAG CGTAATGCCAGTCTGAACTCTTTTAAGGAG	22698	1	0.9909255898366606	TGGCATTACACAAACTGCTCAAGGTGTTCA	2	0.9872958257713249	ATTACCGAAGATGAGATTCTAGAGTGGT ATTACCGAAGATGAGATTTTAGAGTGGT	{22669} {22669}
3.6000377053709505	2935	3099	164	2935	1	0.9909255898366606	GTCGAGTACAACATTCATGCTGTATTAGAC	3069	2	0.9909255898366606	TAAATTACTGCGTGGAATGCCGATTCCAGA TAAATTGCTACGTGGTAAGCAAATTCCCGA	1	0.985480943738657	TAAAGGGACAAGTCTCAGACTTGCTTGT	{3041}
3.6031053540254123	25807	25972	165	25807	1	0.9909255898366606	GTCTTACATAGACCTTAAAGAGCTTGGCAA	25942	2	0.9909255898366606	TGGCACAAACTGTATGGGAAAACTTAAGTG TGGCACAAGTTGCTTGGGAAAACTTAAATG	1	0.985480943738657	TTGCTGGGCTTGTTGCCTTAGCTCTAAG	{25884}
3.6121360029807223	26439	26607	168	26439	1	0.9909255898366606	TACTTGTTTGTATATCCCTAAACCCACAGC	26577	2	0.9909255898366606	CAAACAGGACGCAGCTCAGCGAATCGCTTG CAAACAGGATGCAGCACAGCGAATCGCCTG	1	0.985480943738657	TCTGCTGTTAATTTCACAAAAGCTTTGG	{26548}
3.615090556965433	8968	9137	169	8968	2	0.9909255898366606	GCTACCATTATTGTGTTTCTGTGTGCTGTA GTTACCATTATAGTCTTACTGTGTGCTGTG	9107	1	0.9909255898366606	CTGATGATAAGTGCTTTGCTAATAAGCACC	1	0.9872958257713249	CTGATGTATTTGTGGTTACCTACATTTT	{8998}
3.6266437654486547	25661	25834	173	25661	2	0.9909255898366606	GACTTCAAGGATGAGTTGGACGAGTTTTTC GACTTCCAAGATGAGTTGGATGAGTTTTTC	25804	1	0.9909255898366606	TGAGTCTTACATAGACCTTAAAGAGCTTGG	1	0.9872958257713249	ACATTACTCGATCTTACCTACGAGATGT	{25745}
3.63226788931984	11313	11488	175	11313	1	0.9909255898366606	CTGAGGATGTTAATATGCAGATTATGGGTG	11458	2	0.9909255898366606	CTACTTGTTTGAGACTATTCCCACACAGTT TTATCTGTTTCAGACCATTCCGACTCAGCT	1	0.985480943738657	GCATTGGTTGGTCGCGACCCTTGTCTCA	{11386}
3.6377950406914326	4759	4936	177	4759	2	0.9909255898366606	CATGGATGTGATTTAATGCAAGCTAGAGCT CATGGTTTAGACTTAATTCAAGCAGGGAGT	4906	1	0.9909255898366606	CGCACTAATGGTGGTTACAATTCTTGGCAT	1	0.9872958257713249	CGTGCGTAGAGTTAACGTGCCCTACGTG	{4791}
3.6377950406914326	9291	9468	177	9291	1	0.9909255898366606	CTTTGTTTCTCGAGTCTTTGCTAATACAGG	9438	2	0.9927404718693285	CTGCCATGATCCTACTGTTTTGCCTGGGGC CTGCTATGACCCTACTGTATTACCTGGTGC	1	0.9800362976406534	TGGATGCAGAGGGCCGTATGACACCATA	{9410}
3.643228507007025	8412	8591	179	8412	2	0.9909255898366606	GCTGTATAATGTCACACGCGATAAGTTGGA GTTGTACAATGTCACACGTGATAAGTTGGA	8561	1	0.9909255898366606	ATGAAATTGTTGACTCTGTGCAGTATGCTC	1	0.9872958257713249	CTACTGCTCGTGATGGCGTAAGGCGAGG	{8453}
3.648571411322415	13194	13375	181	13194	2	0.9909255898366606	TGATGGCACTTCTCTCAGATAATGCCTATC TGATGGCTCTTCTTTCTGATAATGCCTATC	13345	1	0.9909255898366606	TCTTAACAACCTTCATCGCGGGCAAGTGTT	1	0.985480943738657	CGCGTGTTGAAGGTAAGGACGGATTTGT	{13233}
3.6589972680519156	9624	9809	185	9624	1	0.9909255898366606	AGAGGGTGTTTGTATTACCACAAATGGCTC	9779	2	0.9909255898366606	CCTCATTGGTCTTGGGTATAGGTTTGTGTG CTTCTTTGGTTTTGGGTATAGGTTTGTGTG	1	0.9872958257713249	GATTTTATTGACATTGTCAGGCGGTTAG	{9709}
3.6589972680519156	19347	19532	185	19347	2	0.9909255898366606	GTAGAATCGTTGAGCGCAACGTCGTACGTG GTAGGCTTGTTGAGAAAAATGTCGTACGTG	19502	1	0.9909255898366606	CAACAGCTTTTCTATACAGAGGACATGGCC	1	0.9872958257713249	CTGCTCTTCTTGCCGGTTCATTTGACAA	{19377}
3.6615515990016814	4932	5118	186	4932	1	0.9909255898366606	GCATTTAGTCGAGGGTGAACTATTGGTGCA	5088	2	0.9909255898366606	TCTTGATTCACGTACGACACAGCAATTAAC TTTGGATTCACGCACGACACAGCAGTTAAC	1	0.9872958257713249	AGACTTACGCTTAAATAAGCTCCTGCAT	{4962}
3.6640857374007747	10169	10356	187	10169	2	0.9909255898366606	TGTACGTTTCAGGAAGCTGCAAGTAATATC TGTAGTTTCCAGGACGCTGCCTCTAATATC	10326	1	0.9909255898366606	GTGAAGCTGCAGCATGTCATCTTGCTAAAG	1	0.9872958257713249	TAATGATGCCTATTCACGATTTTTGGGG	{10246}
3.6640857374007747	12933	13120	187	12933	1	0.9909255898366606	GGGCTTTGTGGGACATTACAGTTATAAACA	13090	2	0.9909255898366606	ACCTACTGGTCTTAAGACTATGGTTGTCTC ACCTTCAGGTTTAAAAACCATGGTTGTGTC	1	0.9872958257713249	TAGGGCATCCACTTCTGCCGTTAAGTTG	{13045}
3.6640857374007747	13407	13594	187	13407	2	0.9909255898366606	CCGGTTCTAATACCGAGTTTGCTTCTAATT CTGGTTCTAACACCGAGTTTGCCTCTAATT	13564	1	0.9909255898366606	AGCTATATCTGTTAAACCAGAGAGTACAGC	1	0.9872958257713249	ATCTCGATTTCGTCAATGCGGGAGGTGC	{13485}
3.6666	7338	7526	188	7338	1	0.9909255898366606	GTTCTACAAAGAAGTTAGAGCTTACCTAGG	7496	2	0.9909255898366606	ACCCAGCTCTTAAGATGGTTCAAACACATC ATTCAGCTCTTAAGATGGTGCAGACCCACA	1	0.985480943738657	TCTTCTGCTTGTGACGGTCTTGCTTTAG	{7372}
3.6666	26012	26200	188	26012	1	0.9909255898366606	CCGCATAAGGTTCATGTTCACTAATTAACG	26170	2	0.9909255898366606	CATGCTTAGGGCTTGTATTAAAACTGCCCA TATGCTCAGAGCTTGTATTAGGACTGCCCA	1	0.9836660617059891	ACTCTCTTGTTAGTGTTCTCACTCTCTT	{26072}
3.671570128054922	18123	18248	125	18123	2	0.9909255898366606	TCATAGCTGCCAACCCAGCATGGAGTAAGG TTATTACTGCCAATCCGGCATGGAGTAAGG	18218	1	0.9927404718693285	CAGACTGTTGATTCCTCACAGGGTTCAGAA	3	0.9818511796733213	GGCTCGTTCAATGCTGGGCCTTATTACT GGCTCGTTCAATGCTGGGTCTTACTACT TGTGGCTCGTTCAATTCTGGGTCTTACC	{18190} {18190} {18187}
3.683668425664694	12102	12297	195	12102	1	0.9909255898366606	CACAAGAGTTCAGATTCATGACTGCTAACA	12267	2	0.9909255898366606	TCCTCTCTGTGCTCCAACAGTTACACTTAG TTCTCTCAGTGCTTCAGCAGTTGCACTTAG	1	0.9872958257713249	AACTGCACCTAGAAATTCTTGGGAGGCT	{12136}
3.6907141342961087	26439	26637	198	26439	1	0.9909255898366606	TACTTGTTTGTATATCCCTAAACCCACAGC	26607	2	0.9909255898366606	GCTGCTCCATAGAGATGGAGGAATACCCGA GTTGCTACATAAGGATGGAGGAATCCCTGA	1	0.985480943738657	TCTGCTGTTAATTTCACAAAAGCTTTGG	{26548}
3.69987380995394	13699	13901	202	13699	2	0.9909255898366606	AATACCTACACAGTGTACCAGAGATCCTGT AATCCCTGCTCAGTGTGTCCGTGACCCTGT	13871	1	0.9909255898366606	ATGCCCGAATAGAACCCTGTTCAAGTGGTT	1	0.9909255898366606	GGGATTTTGTTTGTCAAATACCCCCTGT	{13729}
3.7043573353204815	5658	5862	204	5658	1	0.9909255898366606	ACGCATGGTTTGGAGAGAGTGGTGCAATGT	5832	2	0.9909255898366606	ACCTTGGCTGTTACTCTCAGGCACACCAAA CCCCTGGTTGCTGCTCTCAGGCACACCAAA	1	0.985480943738657	AAAGATGTTGTTCTACAAGGCTTAAGAG	{5698}
3.7043573353204815	8576	8780	204	8576	1	0.9909255898366606	CTGTGCAGTATGCTCATAAACATGACATAC	8750	2	0.9909255898366606	TTTGGAACGCTGCTGCATACATGAAACTTT TTTGGAACGCTGCTGCATATATGAAACTCT	1	0.985480943738657	GCTTCAGTTAACCAAATTGTCTTGCGTA	{8704}
3.7043573353204815	19172	19376	204	19172	1	0.9909255898366606	GGCAATCTTGCTACTAATCACGATCGTTAT	19346	2	0.9909255898366606	TGTAGAATCGTTGAGCGCAACGTCGTACGT TGTAGGCTTGTTGAGAAAAATGTCGTACGT	1	0.9836660617059891	CTGTCCATCAAGGGGCTCATGTGGCTTC	{19206}
3.706575799801318	12420	12625	205	12420	1	0.9909255898366606	GTAATGTAGATCTTGATGCGTTAGCTAGTG	12595	2	0.9909255898366606	ACAGAAGGCTGTTAACGTTGCTAAAAATGC GCAGAAGGCTGTTAATATAGCTAAAAACGC	1	0.985480943738657	ATATTTTTGACACTTCTAGCGTACTTCA	{12450}
3.7087790169831396	11313	11519	206	11313	1	0.9909255898366606	CTGAGGATGTTAATATGCAGATTATGGGTG	11489	2	0.9909255898366606	ACTCCACTAATGTTTGTTGTAGCTGCGTGT TTCCCACTCTTATTTGTGACTATGGCCTTC	1	0.985480943738657	GCATTGGTTGGTCGCGACCCTTGTCTCA	{11386}
3.71096719502264	8968	9175	207	8968	2	0.9909255898366606	GCTACCATTATTGTGTTTCTGTGTGCTGTA GTTACCATTATAGTCTTACTGTGTGCTGTG	9145	1	0.9909255898366606	ACACAATGGTATCATGAGCATGTTGGTGGT	1	0.9872958257713249	CTGATGTATTTGTGGTTACCTACATTTT	{8998}
3.71096719502264	9291	9498	207	9291	1	0.9909255898366606	CTTTGTTTCTCGAGTCTTTGCTAATACAGG	9468	2	0.9909255898366606	TCATCCGTACAGTGCAATGAAGCCCCATGT TTTTGCGTACAGTCAGATGAGGCCTCATGT	1	0.9782214156079855	TAGGGATGCAGAGGGCCGTATTACACCA	{9408}
3.717443513028184	7238	7448	210	7238	2	0.9909255898366606	GCACAACTATGGTATTGTTGTCTTCTGTGT GCACAACTATGGTTTTGTTGTCTTCCGTAT	7418	1	0.9909255898366606	TTGATGTACCTACATTCTGCGCAAACCGTT	1	0.9836660617059891	ACTTGTATGTCTTCAATCAGGTCTTAGC	{7271}
3.717443513028184	10969	11179	210	10969	1	0.9909255898366606	AGCATTTGATGGTACTATGTATGGTGCCTT	11149	2	0.9927404718693285	GGCCAACCAATTCACAGAGTTCGTTGGCAC TGCCAACCAATTCACTGAATTTGTTGGCAC	1	0.9909255898366606	TATGGACAAACAAGTGCACCAGATTCAG	{10999}
3.7195735330780324	13649	13860	211	13649	2	0.9945553539019963	GAACATCCTGATGTCTCTGGTGTTTGTAAA GAACATCCTGATGTTTCTGGCGTTTGTAAA	13830	1	1.0	AAGATTCCAATTTTTTAAACGAGTCCGGGG	1	0.9872958257713249	GTTTGTCCAAATCCCTGCTCAGTGTGTC	{13690}
3.7279548428519353	8353	8568	215	8353	2	0.9909255898366606	GGCAACACTAGTGAAATTGCCATCAAGATG GGTGATTCTAGTGAAATCGCCACTAAAATG	8538	1	0.9909255898366606	TGTGGAGTCTGATGTTGAGACCAATGAAAT	1	0.9872958257713249	CTACTGCTCGTGATGGCGTAAGGCGAGG	{8453}
3.7279548428519353	9257	9472	215	9257	1	0.9909255898366606	CTACATTGGCTTGGGTGAACAATCAGATAA	9442	2	0.9945553539019963	CATGATCCTACTGTTTTGCCTGGGGCTTTT TATGACCCTACTGTATTACCTGGTGCTCAT	1	0.9909255898366606	TCTCGAGTCTTTGCTAATACAGGCAGTG	{9298}
3.7300163730311913	4932	5148	216	4932	1	0.9909255898366606	GCATTTAGTCGAGGGTGAACTATTGGTGCA	5118	2	0.9909255898366606	AATCGAAGTCTTAGTGACTGTCGATGGTGT AGTCGAAGTGCTTGTCACAGTCGATGGGAT	1	0.9872958257713249	AGACTTACGCTTAAATAAGCTCCTGCAT	{4962}
3.7320647304037196	10780	10997	217	10780	2	0.9909255898366606	TAGCGTCCTTGCATGCTACAATGGCAGACC TAGTGTGTTAGCATGCTATAATGGTCGTCC	10967	1	0.9909255898366606	TCAGCATTTGATGGTACTATGTATGGTGCC	1	0.9872958257713249	GACTGGTACATTCACTGTTGTAATGCGT	{10810}
3.7320647304037196	12933	13150	217	12933	1	0.9909255898366606	GGGCTTTGTGGGACATTACAGTTATAAACA	13120	2	0.9909255898366606	TGCAGGTCAAGAGCAAACTAACTGTAATAC TGCTGGTCAGGATCAGACAACTTGTAATGT	1	0.9872958257713249	TAGGGCATCCACTTCTGCCGTTAAGTTG	{13045}
3.7341000822449524	7624	7842	218	7624	1	0.9909255898366606	GCAGGTACATTGCATTATTTCTTTGCACAG	7812	2	0.9909255898366606	CAAAGATACGGCATGCTTGCTCTGCTATAA CAAGGACACCGCATGCCTTCTTTGTTATAA	1	0.985480943738657	GCGGGTTTGGTACGAATGTATAATTTGT	{7732}
3.736122592664184	26376	26595	219	26376	1	0.9927404718693285	CTCTATGGATTACGTGTCTCTGCTTAATCA	26565	2	0.9909255898366606	AAAAGCTTTGGCCAAACAGGACGCAGCTCA TAAAGCTTTGGCCAAACAGGATGCAGCACA	1	0.9872958257713249	TTAATTCACCGTATACTACTTGTTTGTA	{26423}
3.738132422683972	6295	6515	220	6295	1	0.9909255898366606	GGGTTTGATTCTAGTAAACCAGTCACTAAG	6485	2	0.9909255898366606	GAGCGTCATTGCGTCAAATTTATGACCTTG GAGCTAGTTTGCGTCAAATTTTTGACGTAG	1	0.9872958257713249	TGGGTCAAAAAAGCATCTTATGATACTA	{6439}
3.7421146706409636	25661	25883	222	25661	2	0.9909255898366606	GACTTCAAGGATGAGTTGGACGAGTTTTTC GACTTCCAAGATGAGTTGGATGAGTTTTTC	25853	1	0.9909255898366606	AAATGGCCGTGGTACATTTGGCTTGGTTTC	1	0.9872958257713249	ACATTACTCGATCTTACCTACGAGATGT	{25745}
3.74799679600542	10092	10317	225	10092	2	0.9909255898366606	GCTTTAGACACTTCTTCTGGGTTTTAGCTT GTTTTAGACATTTCTTCTGGGTTTTGGCCT	10287	1	0.9909255898366606	ATAAGTACTTCTCTGGTGCTATGGAAACAG	1	0.9872958257713249	TAATGATGCCTATTCACGATTTTTGGGG	{10246}
3.74799679600542	19228	19453	225	19228	2	0.9909255898366606	AGCTTCTAACGACGCAATAATGACTCGTTG GGCTTCTAATGATGCAATAATGACTCGTTG	19423	1	0.9909255898366606	TCCTAAAGGAATTCCTATTGTTGATGACCC	1	0.9872958257713249	CTGCTCTTCTTGCCGGTTCATTTGACAA	{19377}
3.74799679600542	25854	26079	225	25854	1	0.9909255898366606	AATGGCCGTGGTACATTTGGCTTGGTTTCA	26049	2	0.9909255898366606	CAATGAGAGTCCAAAGACCACCTACTCTTT CAATGAGAGTTCAAAGACCACCCACTCTCT	1	0.985480943738657	TTGCTGGGCTTGTTGCCTTAGCTCTAAG	{25884}
3.7488950406914325	28331	28508	177	28331	2	0.9909255898366606	CCCGCATTATACTTGTATAATACTGGACGT CCTGCCATATATGTTTATAACACTGGACGT	28478	1	0.9909255898366606	TTATTAAAGACTGGAACTTTGCATGGTCCC	2	0.9782214156079855	CGCAACTCGCTGAGGCGCAGATTATTGC GCAACTCAATGAGGCGCAGATTATTTCT	{28448} {28449}
3.751623285568201	6254	6432	178	6254	2	0.9909255898366606	CAGGCGGTGATGCTATTAGTTTAAGCTTTA CTGGCGGTGATGCTATTAGTTTGAGTTTTA	6402	1	0.9909255898366606	TAAGAATGGTGCCATGTATAAAGGCAAACC	2	0.9836660617059891	CTTGCTTAAAGAAGACGGCGATGTGTTG TTCATGCCTAAAGAAGACGGTGATGTGT	{6342} {6340}
3.7537729313414405	26170	26398	228	26170	2	0.9909255898366606	CATGCTTAGGGCTTGTATTAAAACTGCCCA TATGCTCAGAGCTTGTATTAGGACTGCCCA	26368	1	0.9927404718693285	TTAACGAACTCTATGGATTACGTGTCTCTG	1	0.985480943738657	TTCGAATTGACGTCCCATCTGCAGAATC	{26229}
3.7556754107419015	26439	26668	229	26439	1	0.9909255898366606	TACTTGTTTGTATATCCCTAAACCCACAGC	26638	2	0.9909255898366606	GGATGTTCACTCTACTTACGGCACTCAAGC GGATGTTCCCTCTACCTCCGGCACTCAAGT	1	0.985480943738657	TCTGCTGTTAATTTCACAAAAGCTTTGG	{26548}
3.761316028494806	13699	13931	232	13699	2	0.9909255898366606	AATACCTACACAGTGTACCAGAGATCCTGT AATCCCTGCTCAGTGTGTCCGTGACCCTGT	13901	1	0.9963702359346642	TGTCCACTGATGTCGTCTTTAGGGCATTTG	1	0.9909255898366606	GGGATTTTGTTTGTCAAATACCCCCTGT	{13729}
3.765022044777587	5658	5892	234	5658	1	0.9909255898366606	ACGCATGGTTTGGAGAGAGTGGTGCAATGT	5862	2	0.9909255898366606	TGAAAAATTGGTGACAACCTCCACGGCGCC TGAGAAATTGGTGACAACGTCAACAAATCC	1	0.985480943738657	AAAGATGTTGTTCTACAAGGCTTAAGAG	{5698}
3.765022044777587	8576	8810	234	8576	1	0.9909255898366606	CTGTGCAGTATGCTCATAAACATGACATAC	8780	2	0.9909255898366606	CGGATGCACTTAAACGACAGATTCGCATTG CGGATGCTCTTAAACGACAGATTCGTATAG	1	0.985480943738657	GCTTCAGTTAACCAAATTGTCTTGCGTA	{8704}
3.765022044777587	8903	9137	234	8903	2	0.9909255898366606	TTGTTGGCGGTGCTCCTACATGGTATAATA TTGTTGGTGGTGCTCCTACATGGTTTAATG	9107	1	0.9909255898366606	CTGATGATAAGTGCTTTGCTAATAAGCACC	1	0.9872958257713249	TGTGTTTCTGTGTGCTGTACTGATGTAT	{8979}
3.765022044777587	19172	19406	234	19172	1	0.9909255898366606	GGCAATCTTGCTACTAATCACGATCGTTAT	19376	2	0.9909255898366606	GCTGCTCTCTTAGCAGGTTCTTTTGATAGA GCTGCTCTTCTTGCCGGTTCATTTGACAAA	1	0.9836660617059891	CTGTCCATCAAGGGGCTCATGTGGCTTC	{19206}
3.770501953228442	7338	7575	237	7338	1	0.9909255898366606	GTTCTACAAAGAAGTTAGAGCTTACCTAGG	7545	2	0.9909255898366606	CATAGATTGGTTGTGGTTTGCATTTGAGAC CGTAGATTGGTTGTGGTTTGCACTGGAGGC	1	0.985480943738657	TTCTGCTTGTGACGGTCTTGCTTTAGCT	{7374}
3.7758897580044537	9031	9271	240	9031	2	0.9909255898366606	GCGTCAGTTGAATTTTATGATGACCGCATT GTACCTGTTGAATTTTATGAAGACCGCATC	9241	1	0.9909255898366606	ATTCCAGACGTACCTACTACATTGGCTTGG	1	0.9872958257713249	GTGGTGTCTATGACAGCTCTATCACATG	{9170}
3.7758897580044537	10969	11209	240	10969	1	0.9909255898366606	AGCATTTGATGGTACTATGTATGGTGCCTT	11179	2	0.9909255898366606	TCAATCCGTTGACATGTTAGCTGTCAAAAC TCAGTCCATTGACATGTTAGCTGTTAAGAC	1	0.9909255898366606	TATGGACAAACAAGTGCACCAGATTCAG	{10999}
3.777665756109888	13649	13890	241	13649	2	0.9945553539019963	GAACATCCTGATGTCTCTGGTGTTTGTAAA GAACATCCTGATGTTTCTGGCGTTTGTAAA	13860	1	1.0	TTCTATTGTAAATGCCCGAATAGAACCCTG	1	0.9872958257713249	GTTTGTCCAAATCCCTGCTCAGTGTGTC	{13690}
3.77943196905215	9353	9595	242	9353	1	0.9909255898366606	CCTATAAGAGTTTCTCTGATAGTGGTTGCA	9565	2	0.9909255898366606	AGGATTACTAAAACTCTGACCACTCAGTAC AGGATTACTAGAACTCTGTCAACTCAGTAC	1	0.9782214156079855	TAGGGATGCAGAGGGCCGTATTACACCA	{9408}
3.77943196905215	12203	12445	242	12203	2	0.9909255898366606	CCTTGTATAAAGGTTGCTAGTGTTCAATCC CCTTGTATAAAGGTTGCTGCTATGCAGTCT	12415	1	0.9909255898366606	TTCTGGTAATGTAGATCTTGATGCGTTAGC	1	0.9872958257713249	CAGTTACACTTAGAGGCTAATGGTAGGG	{12284}
3.7811885040667144	12420	12663	243	12420	1	0.9909255898366606	GTAATGTAGATCTTGATGCGTTAGCTAGTG	12633	2	0.9909255898366606	AAGATAAAGCTGTAGCACGTAAGTTAGAGC AGGATAAGGCAGTGGCCCGTAAGTTAGAAC	1	0.985480943738657	ATATTTTTGACACTTCTAGCGTACTTCA	{12450}
3.784672960526724	8353	8598	245	8353	2	0.9909255898366606	GGCAACACTAGTGAAATTGCCATCAAGATG GGTGATTCTAGTGAAATCGCCACTAAAATG	8568	1	0.9909255898366606	TGTTGACTCTGTGCAGTATGCTCATAAACA	1	0.9872958257713249	CTACTGCTCGTGATGGCGTAAGGCGAGG	{8453}
3.784672960526724	9257	9502	245	9257	1	0.9909255898366606	CTACATTGGCTTGGGTGAACAATCAGATAA	9472	2	0.9909255898366606	CCGTACAGTGCAATGAAGCCCCATGTTAGG GCGTACAGTCAGATGAGGCCTCATGTTCGT	1	0.9909255898366606	TCTCGAGTCTTTGCTAATACAGGCAGTG	{9298}
3.7864010878282044	13121	13367	246	13121	2	0.9909255898366606	GCAGGTCAAGAGCAAACTAACTGTAATACT GCAGGTCAAGAGCAGACTAATTGTAATACT	13337	1	0.9909255898366606	GTTAAAAATCTTAACAACCTTCATCGCGGG	1	0.9872958257713249	GATGGCTCTTCTTTCTGATAATGCCTAT	{13195}
3.7881199489870325	7200	7447	247	7200	2	0.9909255898366606	AGACTGGAAAGCCTCTTTACGCTTGCTACT GGATTGGAAATCAACCCTACGGTTGTTACT	7417	1	0.9909255898366606	TTTGATGTACCTACATTCTGCGCAAACCGT	1	0.9836660617059891	ACTTGTATGTCTTCAATCAGGTCTTAGC	{7271}
3.7898296428427707	9624	9872	248	9624	1	0.9909255898366606	AGAGGGTGTTTGTATTACCACAAATGGCTC	9842	2	0.9909255898366606	AAGTAAAACGTGCATTTGCGGACTATACTC AAGTAAAACGTGCTTTTGCAGATTACACCC	1	0.9872958257713249	GATTTTATTGACATTGTCAGGCGGTTAG	{9709}
3.7898296428427707	13407	13655	248	13407	2	0.9909255898366606	CCGGTTCTAATACCGAGTTTGCTTCTAATT CTGGTTCTAACACCGAGTTTGCCTCTAATT	13625	1	0.9909255898366606	TGTCTCTATTGCCGTGCGCATATAGAACAT	1	0.9872958257713249	ATCTCGATTTCGTCAATGCGGGAGGTGC	{13485}
3.791530266661922	26376	26625	249	26376	1	0.9927404718693285	CTCTATGGATTACGTGTCTCTGCTTAATCA	26595	2	0.9909255898366606	GCGAATCGCCTGGCTGCTCCATAGAGATGG GCGAATCGCTTGGTTGCTACATAAGGATGG	1	0.9872958257713249	TTAATTCACCGTATACTACTTGTTTGTA	{26423}
3.7932219161711367	6295	6545	250	6295	1	0.9909255898366606	GGGTTTGATTCTAGTAAACCAGTCACTAAG	6515	2	0.9909255898366606	CCCCCATTGAACTCGAAAATAAATTCACAC CGCCAATTGAGCTGGATAATAAGTTCACTC	1	0.9872958257713249	TGGGTCAAAAAAGCATCTTATGATACTA	{6439}
3.7932219161711367	8679	8929	250	8679	1	0.9909255898366606	AGGTAGTCTCATTGATTGTAATGCGGCTTC	8899	2	0.9909255898366606	AAAATTGTTGGTGGTGCTCCTACATGGTTT AAGATTGTTGGCGGTGCTCCTACATGGTAT	1	0.9872958257713249	AATTTAGCTTTCCGGTTAACCACCTCAA	{8824}
3.817675799801318	26263	26468	205	26263	2	0.9909255898366606	CACAGAGTCAGTTACTGTTGATCGTGGATC TACTCAATCAGTTTCTGTCGATCGTGAGTC	26438	1	0.9909255898366606	CTACTTGTTTGTATATCCCTAAACCCACAG	2	0.9872958257713249	ATTTGGCAGAAGTACCTTAATTCATCGT CCGAACATGTTACTAGTGTGAATCTTTT	{26407} {26316}
3.8460942636811994	2549	2637	88	2549	2	0.9909255898366606	TCACCACCAAGGCAAAGTCTGTTCAACAAG TCACCACTAAGGCTAAGTCCGTTCAACAAG	2607	2	0.9909255898366606	TTCCAAGAAGCAGTTAGGACTGCTCCAACC TTTAAAGAAGCAGCTAGGACTGCTTCAACC	1	0.9872958257713249	ATCTTGACGTTATTTTGCCTGGTGAGTT	{2579}
3.8460942636811994	2809	2897	88	2809	2	0.9909255898366606	TACCCTGCTTGCACTAATGGTCATGCTGTA TACCCTGCTTGTACAAATGGTTGTGCTGTA	2867	2	0.9909255898366606	CACCTGTAAAAAAAGTAGCCTTTGGCGGTG CACCTGTTAGAGAGCTGACCTTTGGTGACG	1	0.9872958257713249	CCGACTCTCTTTAGACTTAAGGGAGGTG	{2839}
3.8460942636811994	3017	3105	88	3017	2	0.9909255898366606	CAATTGAGGAGTTTGCTGACGTAGTAAAGG CAGTCGATGAATTTGTCCATGTGGTAAAGG	3075	2	0.9909255898366606	ACTGCGTGGAATGCCGATTCCAGATTTTGA GCTACGTGGTAAGCAAATTCCCGATTTTGA	1	0.985480943738657	GACAAGTCTCAGACTTGCTTGTTAAATT	{3047}
3.8460942636811994	6050	6138	88	6050	2	0.9909255898366606	GACAGAAGTACAGTAGTGACTGTAATGTCG GCCAAAAATACAGTAGCGATTGTAATGTCG	6108	2	0.9909255898366606	AACAGAGGTTGATCCCGACCTATCTGCTTT GACAGAGGTTGATCCTAACCTATCTGGGTT	1	0.9872958257713249	TACGGTATTCTTTGGACGGTAATTTCAG	{6080}
3.8460942636811994	24095	24183	88	24095	2	0.9909255898366606	CCTGTGGGTTGTGCTATGGGTATAGTTAAT CCTGTTGGTTGTGTCCTAGGACTTGTTAAT	24153	2	0.9909255898366606	TGCCTCTTGGTCAATCTCTCTGTGCTCTTC TTTCTTTGGGACAATCACTCTGTGCCATAC	1	0.9872958257713249	TCCTCTTTGTTCGTAGAGGACTGCAAGT	{24125}
3.8573433771173464	7115	7204	89	7115	2	0.9927404718693285	AAACAGCTGGCGTTGTGACAGGTAATGTTG GAACTGCTGGCGTTGTAACTAGTAATGTTT	7174	2	0.9909255898366606	CTTAGTATGGATAAGTTGCGTCCTGTGGAT TTAAGTATGGATAAGTTGCGCCGTGTGGAT	1	0.9872958257713249	TACAACAGTGTTGCACTGCTGCTGTTGA	{7145}
3.8573433771173464	11605	11694	89	11605	2	0.9945553539019963	CTACGAGCCCACTACTCCCATTTCGTCAGC CTATGAGCCTTCTACTCCTGTTTCTTCAGC	11664	2	0.9909255898366606	CCACTAATGCTTATATGCGCACTACACATA CTACTAATGTCTATATGCGCACCACACATG	1	0.985480943738657	GCTGATTGCAGTTGCAAATTGGCTTGCC	{11635}
3.8573433771173464	26579	26668	89	26579	2	0.9909255898366606	AACAGGACGCAGCTCAGCGAATCGCTTGGT AACAGGATGCAGCACAGCGAATCGCCTGGC	26638	2	0.9909255898366606	GGATGTTCACTCTACTTACGGCACTCAAGC GGATGTTCCCTCTACCTCCGGCACTCAAGT	1	0.985480943738657	TGCTACATAAGGATGGAGGAGTCCCTGA	{26609}
3.8682110903442126	4759	4849	90	4759	2	0.9909255898366606	CATGGATGTGATTTAATGCAAGCTAGAGCT CATGGTTTAGACTTAATTCAAGCAGGGAGT	4819	2	0.9909255898366606	TGCCTTCTAGCTAATAAGGAGCAACAAGCC TGTCTCCTAGCTAATAAAGAGCAAGAAGCT	1	0.9872958257713249	CGTGCGTAGAGTTAACGTGCCCTACGTG	{4791}
3.8682110903442126	8968	9058	90	8968	2	0.9909255898366606	GCTACCATTATTGTGTTTCTGTGTGCTGTA GTTACCATTATAGTCTTACTGTGTGCTGTG	9028	2	0.9909255898366606	ATGGCGTCAGTTGAATTTTATGATGACCGC ATGGTACCTGTTGAATTTTATGAAGACCGC	1	0.9872958257713249	CTGATGTATTTGTGGTTACCTACATTTT	{8998}
3.8682110903442126	11731	11821	90	11731	2	0.9909255898366606	AGCTATAGTGGTGAAAAGATTGTACAACCC AGTCATTGTAGTGAAGAGATTGTACAACCC	11791	2	0.9909255898366606	CAGTGGTGTAATGTGGTTGTACACTTATAG TAGCGGGGTAATGTGGTTGTATACTTATAG	1	0.985480943738657	CACTTTCTAACTTTGTGTTAGCATTGTG	{11763}
3.8682110903442126	29448	29538	90	29448	2	0.9909255898366606	TCCCAGATGGTTTTTCTACTACACTGGAAC TCCCAGGTGGTACTTCTACTACACTGGAAC	29508	2	0.9909255898366606	TGTCAAAGATGGAATCGTCTGGGTACATGA TGTTAAGGATGGCATCGTTTGGGTCCATGA	1	0.9836660617059891	GACCCGAGGCAGCACTCCCATTCCGGGC	{29480}
3.8787224201679638	7238	7329	91	7238	2	0.9909255898366606	GCACAACTATGGTATTGTTGTCTTCTGTGT GCACAACTATGGTTTTGTTGTCTTCCGTAT	7299	2	0.9927404718693285	AAGTGATGTCATGTTAGAAGATGCTACAGG AAGTGATGTTATGTTTGAAGATGCCCAAGG	1	0.9836660617059891	ACTTGTATGTCTTCAATCAGGTCTTAGC	{7271}
3.8889	3170	3262	92	3170	2	0.9909255898366606	CAACTATGATCTTTTCATTACACCCTGTGG CTACTATGATCTTCTCTCTTCACCCCGTCG	3232	2	0.9909255898366606	GATGGTGCCGAGGAAGAAGTCACCGTTGAT TCAGATTTAGAAGAAGGTGAATCAGAGTGC	1	0.985480943738657	TGACGAGGAGTGTTCTGAAGTAGAGGCT	{3204}
3.8889	4657	4749	92	4657	2	0.9909255898366606	GTGCAATATTATTGCTACACGTCTAAGGAC GTGCAATATTATTGTTACACGGCTAGGGAT	4719	2	0.9909255898366606	GTCTATTGGTATTGTATCTATGCCCTTGGG GTCTGTTGGTATTATATCTATGCCTTTGGG	1	0.9872958257713249	TTTAGATGATATCTTACAACAGGCTAAT	{4689}
3.898764373321448	26658	26751	93	26658	2	0.9909255898366606	GCACTCAAGCCTACTCCCTACGTGCGAGGA GCACTCAAGTTTATTCGCGCAAAGCGAGGA	26721	2	0.9909255898366606	ACGTTAAACGTAGGTTTTCTTCTTTACGCC ACGTTAAGCGTAGATTTTCTCTTCTGCGCC	1	0.9818511796733213	GGTGCCATTCTCCAACTAAGAAACTGCG	{26691}
3.8992199489870325	6185	6432	247	6185	2	0.9909255898366606	ATTCACCAGCTACAATTCTAACTGGTAGTG ATTCACCAGCTACAATTTTAGCTGGTAGTG	6402	1	0.9909255898366606	TAAGAATGGTGCCATGTATAAAGGCAAACC	2	0.9836660617059891	CTTGCTTAAAGAAGACGGCGATGTGTTG TTCATGCCTAAAGAAGACGGTGATGTGT	{6342} {6340}
3.908234243325825	18144	18340	196	18144	1	0.9963702359346642	GGAGTAAGGCAGTCTTTATTTCGCCTTATA	18310	2	0.9909255898366606	TAATGTTGCAATCACTCGTGCCCAAAAAGG TAATGTTGCTGTCACTCGTGCTCAAAAGGG	3	0.9818511796733213	GCTCGTTCAATGCTGGGCCTTATTACTC GGCTCGTTCAATGCTGGGTCTTACTACT TGTGGCTCGTTCAATTCTGGGTCTTACC	{18191} {18190} {18187}
3.9083342433258252	22499	22593	94	22499	2	0.9909255898366606	AGCCTCGCACTGAGTCTAAGTGTCCAGGCA AGCCTCGCTCTGGAAATCATTGTCCTGCTG	22563	2	0.9909255898366606	ACCCACCTTAGATTGTATTAATGGGCAGTA TCCTGCAACAGATTGTTCTGATGGCAATTA	1	0.9782214156079855	GCAATTCATATACTTCTTTTGCCACTTA	{22529}
3.9523163730311914	2471	2570	99	2471	2	0.9909255898366606	GGGCTGGTTCTAAAATTAATGCAGTCATCT GGGCTGGTTCTAATATCAGTGCTGTTATCT	2540	2	0.9909255898366606	ATTACTGTGTCACCACTAAGGCTAAGTCCG ATTATTGTGTCACCACCAAGGCAAAGTCTG	1	0.9836660617059891	AGCGGCAGGGAGTCTCTAATATTCCCAT	{2503}
3.9523163730311914	29834	29933	99	29834	3	0.9909255898366606	TCTTAAGCCGTCTTGAAGCACTCGAGTCTG TGCTGAACAGACTTCAAGCTTTGGAGTCTG TTCTGAACAGACTACAAGCCCTTGAGTCTG	29903	1	0.9909255898366606	AAGATGCTGCTGCTGCTAAAAATAAGATGC	1	0.9836660617059891	GCAAAGTAAAGCAATCGCAGCCAAAAGT	{29864}
3.9684433771173464	6005	6094	89	6005	2	0.9909255898366606	AAGCTTCAGACTGGAAGTGTAAAGTGACAG AGACTTCAGACTGGAAGTGCAAGGTGACAG	6064	2	0.9909255898366606	AGCGATTGTAATGTCGTACGGTATTCTTTG AGTGACTGTAATGTCGTGCGGTATTCTCTT	2	0.9872958257713249	ATGTAATTTTCCCCGGCCAAAAATACAG TGTACTTTTCTCCGGCCAAAAATACAGT	{6035} {6036}
3.9760729313414402	13018	13120	102	13018	2	0.9927404718693285	AACATGGCCACTTGTTTTAGAATGCACTAG GACTTGGCCACTTGTTCTAGAATGCACTAG	13090	2	0.9909255898366606	ACCTACTGGTCTTAAGACTATGGTTGTCTC ACCTTCAGGTTTAAAAACCATGGTTGTGTC	1	0.9872958257713249	GGCATCCACTTCTGCCGTTAAGTTGCAA	{13048}
3.992701953228442	28271	28508	237	28271	2	0.9927404718693285	CTTACGGCTACTAGATTATGTGTGCAATGT CTTACGGCTACTCGATTATGTGTGCAGTGT	28478	1	0.9909255898366606	TTATTAAAGACTGGAACTTTGCATGGTCCC	3	0.9800362976406534	CGCAACTCGCTGAGGCGCAGATTATTGC CGCATCTCACTGAGGCGCAGATTATTGC GCAACTCAATGAGGCGCAGATTATTTCT	{28448} {28448} {28449}
3.9981897580044534	13194	13299	105	13194	2	0.9909255898366606	TGATGGCACTTCTCTCAGATAATGCCTATC TGATGGCTCTTCTTTCTGATAATGCCTATC	13269	2	0.9945553539019963	AGCTACAACCTCCTTGCAAATTCTTGATTG AGTTGCAACCTCCTTGCAAGTTTTTGATTG	1	0.985480943738657	CGCGTGTTGAAGGTAAGGACGGATTTGT	{13233}
4.012129642842771	9765	9872	107	9765	2	0.9909255898366606	CTTCCAATTGACTACGTCATTGGTTATGGG TTTCCAATTGACTACCTCATTGGTCTTGGG	9842	2	0.9909255898366606	AAGTAAAACGTGCATTTGCGGACTATACTC AAGTAAAACGTGCTTTTGCAGATTACACCC	1	0.9909255898366606	ATAGGTTTGTGTGCATTCCTGACTTTGC	{9796}
4.018878667660241	12263	12371	108	12263	2	0.9909255898366606	GTTCTCCTCTCTGTGCTCCAACAGTTACAC GTTCTTCTCTCAGTGCTTCAGCAGTTGCAC	12341	2	0.9909255898366606	GACATATTGGCGGCTACAGACCCTAGTGAG GATATATTGGCAGCAACAGACCCCAGTGAG	1	0.9872958257713249	TTAGAGGCTAATGGTAGGGCCTGGGCTT	{12293}
4.018878667660241	22071	22179	108	22071	2	0.9909255898366606	GGTATTATATACCCTCAAGGCCGTACATAT GGTGTTATTTATCCTACAGGCCGTACTTAT	22149	2	0.9909255898366606	CAGGGTCAAATGTATTTATATTCAGCAGCC CATGGTGATATGTATGTTTACTCTGCAGGA	1	0.985480943738657	TCAAGGTCTTTTTCCCTATCAGGGAGAC	{22121}
4.025488527362399	8677	8786	109	8677	2	0.9909255898366606	CTAGGTAGTCTCATAGATTGTAATGCGGCT TTAGGTAGTCTCATTGATTGTAATGCGGCT	8756	2	0.9909255898366606	ACGCTGCTGCATACATGAAACTTTCGGATG ACGCTGCTGCATATATGAAACTCTCGGATG	1	0.985480943738657	TCAGTTAACCAAATTGTCTTGCGTAATT	{8707}
4.044537705370951	4095	4207	112	4095	1	0.9909255898366606	TAATGCTGCTAACACACATCTTAAGCATGG	4177	3	0.9909255898366606	GAGTCAGATGAATACATTCTGGCTAGGGGT GAGTCAGATGAATATCTGACTCAGCGTGGA GAGTCAGATGAGTATATTCTGGCTAAAGGG	1	0.985480943738657	GCTATTAATGCGGCTTCAAAAGGGGCTG	{4141}
4.044537705370951	4991	5103	112	4991	2	0.9909255898366606	GGTCTGATCAAACCATATGCTACAAGGATA GGTCTGATCAAACCGTGTGTTATAGTGGTC	5073	2	0.9909255898366606	AGCATGTCGTGCGTATTTGGATTCACGCAC GGCTTGTCGCACTTATCTTGATTCACGTAC	1	0.9872958257713249	GTGTTTTATGTTGTAAAGAATAGTACAG	{5023}
4.044537705370951	5094	5206	112	5094	2	0.9909255898366606	TTCACGCACGACACAGCAGTTAACAATCGA TTCACGTACGACACAGCAATTAACAATCGA	5176	2	0.9909255898366606	AAGAACACTTATAGATCACAGCTTGGATGC AAGAACTCCTATAGGTCACAGTTGGGATGT	1	0.9872958257713249	ACTCTTAGTGACTGTCGATGGTGTAAAT	{5124}
4.050643925003943	4433	4546	113	4433	2	0.9909255898366606	CTAGAGCATTAGTTGCTGTCAATTCAGAAG CTAGAGTTTTAGTCGTCGTTAATTCCCAAG	4516	2	0.9909255898366606	TATGATGGGTTACGTGGCGCAATACGTAAA TTTGATGGTTTGAGGGGCGGCGTACGTAAG	1	0.9872958257713249	TGACATTCCACAGAGTTTGACTTTTTCA	{4488}
4.050643925003943	8412	8525	113	8412	2	0.9909255898366606	GCTGTATAATGTCACACGCGATAAGTTGGA GTTGTACAATGTCACACGTGATAAGTTGGA	8495	2	0.9909255898366606	CAGTTTTGAAAGTCTTTATAGACGCTGCAC GTGTCTTAACAACATTCATTGACGCAGCAC	1	0.9872958257713249	CTACTGCTCGTGATGGCGTAAGGCGAGG	{8453}
4.055089493487165	7315	7413	98	7315	2	0.9909255898366606	GAAGATGCCCAAGGTTTGAAAAAGTTCTAC GAAGATGCCCAGGGATTGAAAAAGTTCTAC	7383	2	0.9909255898366606	TGACGGTCTTGCTTCAGCTTATAGGGCGAA TGATGGTCTTGCTGCGGCTTATAGGGCTAA	2	0.9872958257713249	GAGCTTACCTAGGAATCTCTTCTGCTTG TTAGAGCTTACCTAGGAATTTCTTCTGC	{7355} {7352}
4.0739681611474055	26170	26287	117	26170	2	0.9909255898366606	CATGCTTAGGGCTTGTATTAAAACTGCCCA TATGCTCAGAGCTTGTATTAGGACTGCCCA	26257	2	0.9909255898366606	AACTGGTACTCAATCAGTTTCTGTCGATCG TACTGACACAGAGTCAGTTACTGTTGATCG	1	0.985480943738657	TTCGAATTGACGTCCCATCTGCAGAATC	{26229}
4.085023285568202	6017	6136	119	6017	2	0.9927404718693285	GGAAGTGCAAGGTGACAGATGTACTTTTCC GGAAGTGCAAGGTTACTGACATTTTATACC	6106	2	0.9909255898366606	AAGACAGAGGTTGATCCTAACCTATCTGGG AGAACAGAGGTTGATCCCGACCTATCTGCT	1	0.9872958257713249	GATTGTAATGTCGTACGGTATTCTTTGG	{6067}
4.085023285568202	26607	26726	119	26607	2	0.9909255898366606	GCTGCTCCATAGAGATGGAGGAATACCCGA GTTGCTACATAAGGATGGAGGAATCCCTGA	26696	2	0.9909255898366606	CATTCACCAGGTAAAAACCTTCGATACGTT CATTCTCCAACTAAGAAACTGCGCTACGTT	1	0.985480943738657	ATGTTCCCTCTATCTCCGGCACTCAAGT	{26640}
4.100922420167964	8807	8929	122	8807	2	0.9909255898366606	TAGCATGCCGTAAGTGTAATTTGGCTTTCC TTGCATGCCGTAAGTGTAATTTAGCTTTCC	8899	2	0.9909255898366606	AAAATTGTTGGTGGTGCTCCTACATGGTTT AAGATTGTTGGCGGTGCTCCTACATGGTAT	1	0.9872958257713249	GGTTAACCACCTCAAAGCTACGCGCTAA	{8837}
4.100922420167964	11682	11804	122	11682	2	0.9909255898366606	GCACCACACATGCTGATATTGGTATGTACG GCACTACACATACTGATATTGGTGTCTACA	11774	2	0.9909255898366606	CTTGCATTGGCTTTGTGTAGTTTTGTCATG TTTGCGTTAGCATTGTGCAGTGGTGTAATG	1	0.9872958257713249	ACTTGTATTAGTCATTGTAGTGAAGAGA	{11722}
4.105607968360734	18144	18382	238	18144	1	0.9963702359346642	GGAGTAAGGCAGTCTTTATTTCGCCTTATA	18352	2	0.9909255898366606	AATGACATCTCAGGCGCTGTTTGATTCTTT TATGACATCTCAGGCACTCTTTGAGTCCTT	4	0.985480943738657	GCTCGTTCAATGCTGGGCCTTATTACTC GGCTCGTTCAATGCTGGGTCTTACTACT GTGGCTCGATCTATGCTTGGGCTTAACA TGTGGCTCGTTCAATTCTGGGTCTTACC	{18191} {18190} {18188} {18187}
4.106051599001682	12370	12493	123	12370	2	0.9909255898366606	AGCATTCGAGAAGTTCGTGTGTTTATTCGC GGCTTTCGAGAAATTCGTAAGTCTCTTTGC	12463	2	0.9909255898366606	TCCCAGTGTGCTTCAAGCTACTCTTTCTGA TCCTAGCGTACTTCAAGCTACTCTTTCTGA	1	0.9872958257713249	ATGCGTTAGCTAGTGATATTTTTGCCAC	{12435}
4.1111	11408	11532	124	11408	2	0.9909255898366606	GCGCTAACTTATGTGATATTCTTGCAGACT GTCTCAACCTATGTGATAATCTTACAAGCC	11502	2	0.9909255898366606	TTGTGACTATGGCCTTCGTTATGTTGTTGG TTGTGACTATGGCTTGTGTTATGTTGTTGG	1	0.9818511796733213	TGTTTGAGACTATTCCCACACAGTTTTT	{11463}
4.116070128054923	4759	4884	125	4759	2	0.9909255898366606	CATGGATGTGATTTAATGCAAGCTAGAGCT CATGGTTTAGACTTAATTCAAGCAGGGAGT	4854	2	0.9909255898366606	GATGTCTGAAGACGTTAAGTTAAACCCTTC GATGTCTGAAGATGTTAAGTTAAGCCCTTC	1	0.9872958257713249	CGTGCGTAGAGTTAACGTGCCCTACGTG	{4791}
4.120964373321449	3131	3257	126	3131	2	0.9909255898366606	GCTACTGCTTTAATGCAGATGGTGATGAAG GCTATTGCTTTAACGCTGAGGGTGATGCAT	3227	2	0.9909255898366606	AAGCTGATGGTGCCGAGGAAGAAGTCACCG AGGCTTCAGATTTAGAAGAAGGTGAATCAG	1	0.985480943738657	CACCCCGTCGAGTGTGACGAGGAGTGTT	{3190}
4.125785018119718	6050	6177	127	6050	2	0.9909255898366606	GACAGAAGTACAGTAGTGACTGTAATGTCG GCCAAAAATACAGTAGCGATTGTAATGTCG	6147	2	0.9909255898366606	GGATGGTAAATACTTCACAAGTCAACCCTC GGATGGTAAATACTTTACAAGTGAACCACC	1	0.9872958257713249	TACGGTATTCTTTGGACGGTAATTTCAG	{6080}
4.130534243325826	4657	4785	128	4657	2	0.9909255898366606	GTGCAATATTATTGCTACACGTCTAAGGAC GTGCAATATTATTGTTACACGGCTAGGGAT	4755	2	0.9909255898366606	ATCGCATGGATTGGATTTGATGCAAGCCAG GTCTCATGGTTTAGACTTAATTCAAGCAGG	1	0.9872958257713249	TTTAGATGATATCTTACAACAGGCTAAT	{4689}
4.130534243325826	22499	22627	128	22499	2	0.9909255898366606	AGCCTCGCACTGAGTCTAAGTGTCCAGGCA AGCCTCGCTCTGGAAATCATTGTCCTGCTG	22597	2	0.9909255898366606	AAAAATGCCTCTCTCAACTCTTTCAAGGAG CGTAATGCCAGTCTGAACTCTTTTAAGGAG	1	0.9782214156079855	GCAATTCATATACTTCTTTTGCCACTTA	{22529}
4.13521413429611	6979	7108	129	6979	2	0.9909255898366606	GTAGTGCGGCATCTAGGTGTTACTAAAGGC GTTGTACGACATTTAGGTGTAACAACAAGC	7078	2	0.9909255898366606	AAACTCGGCACCACAGAGGTTAAAGTGAGT CAGGAAACAAGTACTCAAGTTGAAGTGAGT	1	0.9872958257713249	ACAGGCTGTTTTAGTTTTGTCAAGATGT	{7015}
4.13521413429611	7200	7329	129	7200	2	0.9909255898366606	AGACTGGAAAGCCTCTTTACGCTTGCTACT GGATTGGAAATCAACCCTACGGTTGTTACT	7299	2	0.9927404718693285	AAGTGATGTCATGTTAGAAGATGCTACAGG AAGTGATGTTATGTTTGAAGATGCCCAAGG	1	0.9836660617059891	ACTTGTATGTCTTCAATCAGGTCTTAGC	{7271}
4.139826686365172	6849	6979	130	6849	2	0.9909255898366606	GCAAGTTGTTGCAGATACTGGTTCTTTAAC TAACGTTGTTGCAGCTTCCGGATCTTTGAC	6949	2	0.9909255898366606	ACCACTGCTGTAGGTAGTTGTATAAAGAGT GTTACCGCAGTAGGTACTGCTACAAAGTTT	1	0.9872958257713249	TAAAGTGAAGTTACTATTTAGGGCTTCA	{6882}
4.139826686365172	11360	11490	130	11360	2	0.9909255898366606	GCTAGAAAAGTCACATATGGTATGGCGCAT GTGAGAAAAGTTACATATGGTACTGCGCAT	11460	2	0.9909255898366606	ACTTGTTTGAGACTATTCCCACACAGTTGT ATCTGTTTCAGACCATTCCGACTCAGCTAA	1	0.9836660617059891	TGGTTGTTTGCGACCCTTGTCTCAACCT	{11390}
4.14437380995394	25339	25470	131	25339	2	0.9909255898366606	GTCCTTTGTTGTAAATGCCCCTAATGGCCT GTCTTTTGTTATTAATGCCCCTAATGGCCT	25440	2	0.9909255898366606	CAGCCAACCCCACTAATTGTATAGCCCCAG CAGCTAACCCTACTAATTGTATAGCCCCTG	1	0.985480943738657	TATTACCCTAGCAACCAGATTGAGGTTG	{25388}
4.148857335320482	3017	3149	132	3017	2	0.9909255898366606	CAATTGAGGAGTTTGCTGACGTAGTAAAGG CAGTCGATGAATTTGTCCATGTGGTAAAGG	3119	2	0.9909255898366606	TTGACGCACCATGCTATTGCTTTAACGCTG TTGATAACCCTTGCTACTGCTTTAATGCAG	1	0.985480943738657	GACAAGTCTCAGACTTGCTTGTTAAATT	{3047}
4.148857335320482	13018	13150	132	13018	2	0.9927404718693285	AACATGGCCACTTGTTTTAGAATGCACTAG GACTTGGCCACTTGTTCTAGAATGCACTAG	13120	2	0.9909255898366606	TGCAGGTCAAGAGCAAACTAACTGTAATAC TGCTGGTCAGGATCAGACAACTTGTAATGT	1	0.9872958257713249	GGCATCCACTTCTGCCGTTAAGTTGCAA	{13048}
4.148857335320482	24031	24163	132	24031	2	0.9909255898366606	CTCCCGTTCTACGCGATCAATGCTTAAACG TTCTCGTGAAACTAGAGCTTCTCTTGTTTC	24133	2	0.9909255898366606	CACTGTTGAAGAATGCAATCTTTCTTTGGG GTTCGTAGAGGACTGCAAGTTGCCTCTTGG	1	0.9872958257713249	ATGTTGGTTGTGTCCTAGGACTTGTTAA	{24096}
4.15327901698314	2863	2996	133	2863	2	0.9909255898366606	GGTGCACCTGTAAAAAAAGTAGCCTTTGGC GGTGCACCTGTTAGAGAGCTGACCTTTGGT	2966	2	0.9909255898366606	CACTACTTGCTTCTTCTAGTCTTAGAACCT CACTTTTGGCTTCTTCTAGTCTTAGAACCT	1	0.9872958257713249	GGTGATCAAGTACATGAGGTTGCTGCTG	{2893}
4.15327901698314	7344	7477	133	7344	2	0.9909255898366606	CAAAGAAGTTAGAGCTTACCTAGGAATCTC CAAAGATGTTAGAGCTTACCTAGGTGTTTC	7447	2	0.9909255898366606	TCTGCAATGTGTAATTGGTGCTTGATTAGC TCTGCTATGTGTAACTGGTGTTTGATAAGC	1	0.985480943738657	TTCTGCTTGTGACGGTCTTGCTTTAGCT	{7374}
4.161743925003942	26057	26170	113	26057	2	0.9909255898366606	GTCCAAAGACCACCTACTCTTTTGTTAGTG GTTCAAAGACCACCCACTCTCTTGTTAGTG	26140	2	0.9909255898366606	ACCTGAACATTGCCAGAATTATTCTGGTCG ACCTGAGCATTGTCAGAATTATTCTGGTTG	2	0.9909255898366606	GTAACACTCTCGCTTTTGGCCAATGCTT TTCTCACTCTCTCTTTTGGTCACTGCAT	{26087} {26087}
4.161943513028185	9674	9809	135	9674	2	0.9909255898366606	ACCACACTAATAGACCTGGTGTCTATTGTG ACCATCTTAATAGACCTGGTGTCTATTGTG	9779	2	0.9909255898366606	CCTCATTGGTCTTGGGTATAGGTTTGTGTG CTTCTTTGGTTTTGGGTATAGGTTTGTGTG	1	0.9872958257713249	GATTTTATTGACATTGTCAGGCGGTTAG	{9709}
4.161943513028185	13194	13329	135	13194	2	0.9909255898366606	TGATGGCACTTCTCTCAGATAATGCCTATC TGATGGCTCTTCTTTCTGATAATGCCTATC	13299	2	0.9909255898366606	CGGGACCAAAAGGACCTGAAATCCGATATC CTGGACCTAAGGGACCGGAAATCCGTTATT	1	0.985480943738657	CGCGTGTTGAAGGTAAGGACGGATTTGT	{13233}
4.161943513028185	20465	20600	135	20465	2	0.9909255898366606	GGTGCTATCATCCGTGATAGTGATGTTGTT GGTGCTATCATTCGTGATAGTGAAGCTATT	20570	2	0.9927404718693285	CAAGGTCGCTCTTGTAGTGACTTTGAACCC CAGAGTCGCTCTTGTAGTGACTTCCTACCC	1	0.9891107078039928	TGAGTTTATTGATCCTACTGAGTGTATT	{20536}
4.161943513028185	22311	22446	135	22311	2	0.9909255898366606	CACTGGCACTGTTATTATTAGCCCATCTAC GACTGGTAATAATGTTATTTCACCCAGCAC	22416	2	0.9909255898366606	AATGGGCCGCTTCTTCAATCATACTCTAGT GTCGGGTGCTTATTTTAATCACACCCTTCT	1	0.985480943738657	TATACGAAAATTTTACCCTGCTTTTATG	{22350}
4.161943513028185	28651	28786	135	28651	2	0.9909255898366606	GACTTAGCTTCCCAGATTATTTCTGGCATT GATCTAGCTTCCCAGATAATCTCTGGCATT	28756	2	0.9909255898366606	TGGTGGTCATTCAATCCTGAGACTAATTGC TGGTGGTCCTTCAACCCCGAAACTAATTGC	1	0.9836660617059891	CAGCTGTTTCAGCTATGATGTGGCTTTC	{28685}
4.166189493487165	7238	7374	136	7238	2	0.9909255898366606	GCACAACTATGGTATTGTTGTCTTCTGTGT GCACAACTATGGTTTTGTTGTCTTCCGTAT	7344	2	0.9909255898366606	CAAAGAAGTTAGAGCTTACCTAGGAATCTC CAAAGATGTTAGAGCTTACCTAGGTGTTTC	1	0.9836660617059891	ACTTGTATGTCTTCAATCAGGTCTTAGC	{7271}
4.170379969342408	9765	9902	137	9765	2	0.9909255898366606	CTTCCAATTGACTACGTCATTGGTTATGGG TTTCCAATTGACTACCTCATTGGTCTTGGG	9872	2	0.9909255898366606	AGTGTGCCGTGATTGCCGTATGTGCTGCCA AGTGTGCTGTAATTGCTGTTGTTGCTGCTG	1	0.9909255898366606	ATAGGTTTGTGTGCATTCCTGACTTTGC	{9796}
4.1786000822449525	4683	4822	139	4683	2	0.9909255898366606	AGATGACATCAAATCTGTAGTTGCTGCAGC GGACACTTTAGATGATATCTTACAACAGGC	4792	2	0.9909255898366606	GTACGTAAGGTCAAAGTACCTTATGTATGC GTGCGTAGAGTTAACGTGCCCTACGTGTGT	1	0.9818511796733213	GGTTTAGACTTAATTCAAGCAGGGAGTG	{4762}
4.1786000822449525	5122	5261	139	5122	2	0.9909255898366606	GAAGTCTTAGTGACTGTCGATGGTGTAAAT GAAGTGCTTGTCACAGTCGATGGGATTAAT	5231	2	0.9927404718693285	CTGACACTATTCCTGATGAGAAACAGAATG CTGATACCATTCCTGATGAGAAACAGAATG	1	0.9872958257713249	ACTTATAGATCACAGCTTGGATGCGTTT	{5182}
4.1786000822449525	12203	12342	139	12203	2	0.9909255898366606	CCTTGTATAAAGGTTGCTAGTGTTCAATCC CCTTGTATAAAGGTTGCTGCTATGCAGTCT	12312	2	0.9909255898366606	CCTGGGCTTTCTGTGTTAAATGCCATAATG CTTGGGCTTTCTGTGTCAAGTGCCATAATG	1	0.9872958257713249	CAGTTACACTTAGAGGCTAATGGTAGGG	{12284}
4.293343765448655	29475	29648	173	29475	3	0.9909255898366606	AACCGGACCTGAAGCTGCACTCCCATTCCG AACTGGACCAGAAGCTAACCTCCCTTTCAG AACTGGACCCGAAGCAGCACTCCCATTCCG	29618	1	0.9927404718693285	CCGGTACTAAGCTTCCTAAAAACTTCCACA	1	0.9836660617059891	GGCTGTTAAGGATGGCATCGTTTGGGTC	{29505}
