cost	target-start	target-end	target-length	left-primer-start	left-primer-num-primers	left-primer-frac-bound	left-primer-target-sequences	right-primer-start	right-primer-num-primers	right-primer-frac-bound	right-primer-target-sequences	num-guides	total-frac-bound-by-guides	guide-target-sequences	guide-target-sequence-positions
2.678729642842771	13454	13561	107	13454	1	0.9909255898366606	GTTAACTTCACCGTTGATCCTCAAAAAGCT	13531	1	0.9909255898366606	TAAGATGCTTACTCCTAAAACTGGTACAGG	1	0.9872958257713249	ATCTCGATTTCGTCAATGCGGGAGGTGC	{13485}
2.7623098364064735	9150	9271	121	9150	1	0.9909255898366606	ATGGTATCATGAGCATGTTGGTGGTGTCTA	9241	1	0.9909255898366606	ATTCCAGACGTACCTACTACATTGGCTTGG	1	0.9872958257713249	GACAGCTCTATCACATGCCCATTGACAG	{9181}
2.7623098364064735	9257	9378	121	9257	1	0.9909255898366606	CTACATTGGCTTGGGTGAACAATCAGATAA	9348	1	0.9909255898366606	GATACCCTATAAGAGTTTCTCTGATAGTGG	1	0.9909255898366606	TCTCGAGTCTTTGCTAATACAGGCAGTG	{9298}
2.81987901698314	10969	11102	133	10969	1	0.9909255898366606	AGCATTTGATGGTACTATGTATGGTGCCTT	11072	1	0.9909255898366606	GCAGCAATACTTAATGGTTGCGCTTGGTTT	1	0.9909255898366606	TATGGACAAACAAGTGCACCAGATTCAG	{10999}
2.8452000822449524	19172	19311	139	19172	1	0.9909255898366606	GGCAATCTTGCTACTAATCACGATCGTTAT	19281	1	0.9927404718693285	TAGAACGTGTGGATTGGGATATAGAGTATC	1	0.9836660617059891	CTGTCCATCAAGGGGCTCATGTGGCTTC	{19206}
2.849232422683972	13454	13594	140	13454	1	0.9909255898366606	GTTAACTTCACCGTTGATCCTCAAAAAGCT	13564	1	0.9909255898366606	AGCTATATCTGTTAAACCAGAGAGTACAGC	1	0.9872958257713249	ATCTCGATTTCGTCAATGCGGGAGGTGC	{13485}
2.8571480554261384	13633	13775	142	13633	1	0.9909255898366606	TTGCCGTGCGCATATAGAACATCCTGATGT	13745	1	0.9945553539019963	AATACCCCCTGTAATGTCTGTCAATATTGG	1	0.9872958257713249	GTTTGTCCAAATCCCTGCTCAGTGTGTC	{13690}
2.920764845367944	9111	9271	160	9111	1	0.9945553539019963	TGATAAGTGCTTTGCTAATAAGCACCGGTC	9241	1	0.9909255898366606	ATTCCAGACGTACCTACTACATTGGCTTGG	1	0.9872958257713249	GTGGTGTCTATGACAGCTCTATCACATG	{9170}
2.948079969342407	6295	6432	137	6295	1	0.9909255898366606	GGGTTTGATTCTAGTAAACCAGTCACTAAG	6402	1	0.9909255898366606	TAAGAATGGTGCCATGTATAAAGGCAAACC	2	0.9836660617059891	CTTGCTTAAAGAAGACGGCGATGTGTTG TTCATGCCTAAAGAAGACGGTGATGTGT	{6342} {6340}
2.9542192055029934	9150	9321	171	9150	1	0.9909255898366606	ATGGTATCATGAGCATGTTGGTGGTGTCTA	9291	1	0.9909255898366606	CTTTGTTTCTCGAGTCTTTGCTAATACAGG	1	0.9872958257713249	GACAGCTCTATCACATGCCCATTGACAG	{9181}
2.9570942636811997	13633	13805	172	13633	1	0.9909255898366606	TTGCCGTGCGCATATAGAACATCCTGATGT	13775	1	0.9909255898366606	ATTGGATATGGGTGCAATTGTGACTCGCTT	1	0.9872958257713249	GTTTGTCCAAATCCCTGCTCAGTGTGTC	{13690}
2.9599437654486547	25854	26027	173	25854	1	0.9909255898366606	AATGGCCGTGGTACATTTGGCTTGGTTTCA	25997	1	0.9909255898366606	GAATACGACCTCGAGCCGCATAAGGTTCAT	1	0.985480943738657	TTGCTGGGCTTGTTGCCTTAGCTCTAAG	{25884}
2.9627681611474057	19286	19460	174	19286	1	0.9927404718693285	CGTGTGGATTGGGATATAGAGTATCCTTAT	19430	1	0.9945553539019963	GGAATTCCTATTGTTGATGACCCTGTGGTT	1	0.9872958257713249	TGCTGCTCTTCTTGCCGGTTCATTTGAC	{19375}
3.0193342433258255	10878	11074	196	10878	1	0.9927404718693285	GTGGTAGTGTTGGTTACACCAAGGAGGGTA	11044	1	0.9909255898366606	CAGTGTTAATGTAGTAGCTTGGCTTTACGC	1	0.9872958257713249	CTTTATGGATAAACAAGTGCACCAAGTT	{10996}
3.030908310503012	13454	13655	201	13454	1	0.9909255898366606	GTTAACTTCACCGTTGATCCTCAAAAAGCT	13625	1	0.9909255898366606	TGTCTCTATTGCCGTGCGCATATAGAACAT	1	0.9872958257713249	ATCTCGATTTCGTCAATGCGGGAGGTGC	{13485}
3.035423411032158	19108	19311	203	19108	1	0.9909255898366606	TTCCTGCGGTTATGATTATGTCTACAACCC	19281	1	0.9927404718693285	TAGAACGTGTGGATTGGGATATAGAGTATC	1	0.9836660617059891	CTGTCCATCAAGGGGCTCATGTGGCTTC	{19206}
3.0376573353204814	19286	19490	204	19286	1	0.9927404718693285	CGTGTGGATTGGGATATAGAGTATCCTTAT	19460	1	0.9909255898366606	GATTGGCATTATTTTGATGCACAGCCCTTG	1	0.9872958257713249	TGCTGCTCTTCTTGCCGGTTCATTTGAC	{19375}
3.0507435130281846	9111	9321	210	9111	1	0.9945553539019963	TGATAAGTGCTTTGCTAATAAGCACCGGTC	9291	1	0.9909255898366606	CTTTGTTTCTCGAGTCTTTGCTAATACAGG	1	0.9872958257713249	GTGGTGTCTATGACAGCTCTATCACATG	{9170}
3.071432422683972	25807	26027	220	25807	1	0.9909255898366606	GTCTTACATAGACCTTAAAGAGCTTGGCAA	25997	1	0.9909255898366606	GAATACGACCTCGAGCCGCATAAGGTTCAT	1	0.985480943738657	TTGCTGGGCTTGTTGCCTTAGCTCTAAG	{25884}
3.0832337616452867	10878	11104	226	10878	1	0.9927404718693285	GTGGTAGTGTTGGTTACACCAAGGAGGGTA	11074	1	0.9909255898366606	AGCAATACTTAATGGTTGCGCTTGGTTTGT	1	0.9872958257713249	CTTTATGGATAAACAAGTGCACCAAGTT	{10996}
3.0832337616452867	18144	18287	143	18144	1	0.9963702359346642	GGAGTAAGGCAGTCTTTATTTCGCCTTATA	18257	1	0.9909255898366606	GTTATCTTCTGTCAAACAGCAGATACGGCA	3	0.9818511796733213	GCTCGTTCAATGCTGGGCCTTATTACTC GGCTCGTTCAATGCTGGGTCTTACTACT TGTGGCTCGTTCAATTCTGGGTCTTACC	{18191} {18190} {18187}
3.087072931341441	9150	9378	228	9150	1	0.9909255898366606	ATGGTATCATGAGCATGTTGGTGGTGTCTA	9348	1	0.9909255898366606	GATACCCTATAAGAGTTTCTCTGATAGTGG	1	0.9872958257713249	GACAGCTCTATCACATGCCCATTGACAG	{9181}
3.0946160284948063	15006	15238	232	15006	1	0.9963702359346642	GACATCATGTTTTAGTGTCGCTGCACTTAC	15208	1	0.9909255898366606	CTGCCTACTATGTGTGACATCAAACAAATG	1	0.9909255898366606	AACTGGTTTGACTTTTCAAACTGTGCGG	{15036}
3.1197010878282048	19286	19532	246	19286	1	0.9927404718693285	CGTGTGGATTGGGATATAGAGTATCCTTAT	19502	1	0.9909255898366606	CAACAGCTTTTCTATACAGAGGACATGGCC	1	0.9872958257713249	TGCTGCTCTTCTTGCCGGTTCATTTGAC	{19375}
3.1248302666619225	20444	20693	249	20444	1	0.9909255898366606	CCTGATTATGCTTACTTCAATGGTGCTATC	20663	1	0.9909255898366606	TTGGAAAACTATGCTTTTGAGCACGTAGTC	1	0.9891107078039928	TCCGTGATAGTGATGTTGTTAAACAACC	{20475}
3.1793942636811994	4918	5006	88	4918	1	0.9909255898366606	GGTTACAATTCTTGGCATTTAGTCGAGGGT	4976	2	0.9909255898366606	ACAAGCTCCTTCATTGGTCAGATCAAACCA ATAAGCTCCTGCATTGGTCTGATCAAACCA	1	0.9872958257713249	GAACTATTGGTGCAAGACTTACGCTTAA	{4948}
3.1793942636811994	9243	9331	88	9243	1	0.9909255898366606	TCCAGACGTACCTACTACATTGGCTTGGGT	9301	2	0.9909255898366606	CGAGTCTTTGCTAATACAGGCAGTGTTTGC CGCGTCTTTGCCAATTCTAATAGTGTGTGT	1	0.9909255898366606	GAACAATCAGATAATTTTCTTTGTTTCT	{9273}
3.1793942636811994	29379	29467	88	29379	1	0.9927404718693285	GCAAAATGCTGGGTATTGGCGGAGACAGGA	29437	2	0.9909255898366606	AAGCAACTGGCTCCCAGGTGGTACTTCTAC AAGCAGCTGGCTCCCAGGTGGTATTTTTAC	1	0.9800362976406534	TAGAAAAATTAATACCGGGAATGGAATT	{29409}
3.1906433771173464	9150	9239	89	9150	1	0.9909255898366606	ATGGTATCATGAGCATGTTGGTGGTGTCTA	9209	2	0.9909255898366606	TTGCAGTAATAGCTGGAGTAGCAGGTGCTA TTGCAGTAATTGCTGGAGTTGCTGGTGCTC	1	0.9872958257713249	GACAGCTCTATCACATGCCCATTGACAG	{9181}
3.1906433771173464	25854	25943	89	25854	1	0.9909255898366606	AATGGCCGTGGTACATTTGGCTTGGTTTCA	25913	2	0.9909255898366606	GTCTTCTTCATACTGTGCTGCACTGGTTGT GTTTTCTTCATACTGTGTTGCACAGGTTGT	1	0.985480943738657	TTGCTGGGCTTGTTGCCTTAGCTCTAAG	{25884}
3.2015110903442126	13699	13789	90	13699	2	0.9909255898366606	AATACCTACACAGTGTACCAGAGATCCTGT AATCCCTGCTCAGTGTGTCCGTGACCCTGT	13759	1	0.9945553539019963	TGTCTGTCAATATTGGATTGGATATGGGTG	1	0.9909255898366606	GGGATTTTGTTTGTCAAATACCCCCTGT	{13729}
3.2040714113224147	18067	18248	181	18067	1	0.9927404718693285	GACGCATGATGCTAGCTCTGCCATTAATAG	18218	1	0.9927404718693285	CAGACTGTTGATTCCTCACAGGGTTCAGAA	3	0.9818511796733213	GGCTCGTTCAATGCTGGGCCTTATTACT GGCTCGTTCAATGCTGGGTCTTACTACT TGTGGCTCGTTCAATTCTGGGTCTTACC	{18190} {18190} {18187}
3.2120224201679632	25743	25834	91	25743	2	0.9909255898366606	CTACATTACTCGATCTTACCTACGAGATGT CTACCCTACTTGATCTTAGTGGTGAGATGT	25804	1	0.9909255898366606	TGAGTCTTACATAGACCTTAAAGAGCTTGG	1	0.9872958257713249	TGTCTCTTCAACAAGTTGTTAAAGCCCT	{25773}
3.2221999999999995	12420	12512	92	12420	1	0.9909255898366606	GTAATGTAGATCTTGATGCGTTAGCTAGTG	12482	2	0.9909255898366606	ACTCTTTCTGAATTTTCTCACTTGGCTACG ACTCTTTCTGAGTTTTCACACTTAGCTACC	1	0.985480943738657	ATATTTTTGACACTTCTAGCGTACTTCA	{12450}
3.2687405378427523	10780	10877	97	10780	2	0.9909255898366606	TAGCGTCCTTGCATGCTACAATGGCAGACC TAGTGTGTTAGCATGCTATAATGGTCGTCC	10847	1	0.9909255898366606	ACAATTAAGGGTTCCTTTCTGTGTGGTTCT	1	0.9872958257713249	GACTGGTACATTCACTGTTGTAATGCGT	{10810}
3.2750735330780323	18076	18287	211	18076	1	0.9909255898366606	TGCTAGCTCTGCCATTAATAGACCACAACT	18257	1	0.9909255898366606	GTTATCTTCTGTCAAACAGCAGATACGGCA	3	0.9818511796733213	GCTCGTTCAATGCTGGGCCTTATTACTC GGCTCGTTCAATGCTGGGTCTTACTACT TGTGGCTCGTTCAATTCTGGGTCTTACC	{18191} {18190} {18187}
3.2856163730311914	9182	9281	99	9182	2	0.9909255898366606	ACAACTCTATCACATGCCCATTGACAGTTG ATAACTCTATCACATGTCCCCTGACAGTTG	9251	1	0.9909255898366606	TACCTACTACATTGGCTTGGGTGAACAATC	1	0.9872958257713249	GGAGTTGCTGGTGCTCGCATTCCAGACG	{9223}
3.3093729313414406	2863	2965	102	2863	2	0.9909255898366606	GGTGCACCTGTAAAAAAAGTAGCCTTTGGC GGTGCACCTGTTAGAGAGCTGACCTTTGGT	2935	1	0.9909255898366606	GTCGAGTACAACATTCATGCTGTATTAGAC	1	0.9872958257713249	GGTGATCAAGTACATGAGGTTGCTGCTG	{2893}
3.3521786676602408	10210	10318	108	10210	2	0.9909255898366606	CAAGGACACTTATGCAGCTCTTAGAAACTC CAAGGATACTTATGCTGCTCTCAGAAATTC	10288	1	0.9909255898366606	TAAGTACTTCTCTGGTGCTATGGAAACAGC	1	0.9872958257713249	TAATGATGCCTATTCACGATTTTTGGGG	{10246}
3.3798405378427523	28411	28508	97	28411	2	0.9909255898366606	GTGGGTTTAACGAACTCCTTCATAATGTCT GTGGGTTTAACGAACTCTCTAATCATGTCT	28478	1	0.9909255898366606	TTATTAAAGACTGGAACTTTGCATGGTCCC	2	0.9782214156079855	CGCAACTCAATGAGGCGCAGATTATTTC CGCAACTCGCTGAGGCGCAGATTATTGC	{28448} {28448}
3.395818128345179	5658	5773	115	5658	1	0.9909255898366606	ACGCATGGTTTGGAGAGAGTGGTGCAATGT	5743	2	0.9909255898366606	GTGCAAACTGTTGAAGATCTGCGTGCTCGC GTGCAATCTATTGAAGAATTGCATCAACCG	1	0.985480943738657	AAAGATGTTGTTCTACAAGGCTTAAGAG	{5698}
3.4128433771173463	9111	9229	118	9111	1	0.9945553539019963	TGATAAGTGCTTTGCTAATAAGCACCGGTC	9199	2	0.9909255898366606	CCATTGACAGTTGCAGTAATTGCTGGAGTT CCCCTGACAGTTGCAGTAATAGCTGGAGTA	1	0.9872958257713249	GTGGTGTCTATGACAGCTCTATCACATG	{9170}
3.418323285568201	7338	7457	119	7338	1	0.9909255898366606	GTTCTACAAAGAAGTTAGAGCTTACCTAGG	7427	2	0.9909255898366606	CTACATTCTGCGCAAACCGTTCTGCAATGT CTACATTCTGTGCAAACCGTTCTGCTATGT	1	0.9872958257713249	AATCTCTTCTGCTTGTGACGGTCTTGCT	{7368}
3.418323285568201	15006	15125	119	15006	1	0.9963702359346642	GACATCATGTTTTAGTGTCGCTGCACTTAC	15095	2	0.9909255898366606	TCGTGGTATCTAAAGGTTTCTTTAAGGAGG TCGTGGTCTCTAAAGGTTTCTTTAAAGAGG	1	0.9909255898366606	AACTGGTTTGACTTTTCAAACTGTGCGG	{15036}
3.418323285568201	25854	25973	119	25854	1	0.9909255898366606	AATGGCCGTGGTACATTTGGCTTGGTTTCA	25943	2	0.9909255898366606	GGCACAAACTGTATGGGAAAACTTAAGTGT GGCACAAGTTGCTTGGGAAAACTTAAATGT	1	0.985480943738657	TTGCTGGGCTTGTTGCCTTAGCTCTAAG	{25884}
3.4237110903442125	9353	9473	120	9353	1	0.9909255898366606	CCTATAAGAGTTTCTCTGATAGTGGTTGCA	9443	2	0.9909255898366606	ATGACCCTACTGTATTACCTGGTGCTCATG ATGATCCTACTGTTTTGCCTGGGGCTTTTG	1	0.9782214156079855	TAGGGATGCAGAGGGCCGTATTACACCA	{9408}
3.4425897580044538	6295	6400	105	6295	1	0.9909255898366606	GGGTTTGATTCTAGTAAACCAGTCACTAAG	6370	2	0.9909255898366606	TTGGCTGAGTTTGACACTTATGACCCTATT TTGGCTGAGTTTGCTACATATGACCCTATT	2	0.9836660617059891	CTTGCTTAAAGAAGACGGCGATGTGTTG TTCATGCCTAAAGAAGACGGTGATGTGT	{6342} {6340}
3.454264373321448	6413	6539	126	6413	1	0.9909255898366606	CCATGTATAAAGGCAAACCAATTCTTTGGG	6509	2	0.9909255898366606	ACCTTGCGCCAATTGAGCTGGATAATAAGT ACGTAGCCCCCATTGAACTCGAAAATAAAT	1	0.9836660617059891	AATGGAGCTAGTTTGCGTCAAATTTTTG	{6481}
3.454264373321448	22597	22723	126	22597	2	0.9909255898366606	AAAAATGCCTCTCTCAACTCTTTCAAGGAG CGTAATGCCAGTCTGAACTCTTTTAAGGAG	22693	1	0.9909255898366606	TGGTTTGGCATTACACAAACTGCTCAAGGT	1	0.9872958257713249	TTTAATTTACGTAACTGCACCTTTATGT	{22630}
3.459085018119717	10780	10907	127	10780	2	0.9909255898366606	TAGCGTCCTTGCATGCTACAATGGCAGACC TAGTGTGTTAGCATGCTATAATGGTCGTCC	10877	1	0.9927404718693285	TGTGGTAGTGTTGGTTACACCAAGGAGGGT	1	0.9872958257713249	GACTGGTACATTCACTGTTGTAATGCGT	{10810}
3.4632786676602407	19355	19463	108	19355	2	0.9909255898366606	GTCGAACGCAATGTCGTACGTGCTGCTCTC GTTGAGCGCAACGTCGTACGTGCTGCTCTT	19433	1	0.9945553539019963	ATTCCTATTGTTGATGACCCTGTGGTTGAT	2	0.9872958257713249	CTTGCCGGTTCATTCGACAAAGTCTATG CTTGCCGGTTCATTTGACAAAGTCTATG	{19385} {19385}
3.47767380995394	12102	12233	131	12102	1	0.9909255898366606	CACAAGAGTTCAGATTCATGACTGCTAACA	12203	2	0.9909255898366606	CCTTGTATAAAGGTTGCTAGTGTTCAATCC CCTTGTATAAAGGTTGCTGCTATGCAGTCT	1	0.9872958257713249	AACTGCACCTAGAAATTCTTGGGAGGCT	{12136}
3.4952435130281843	25807	25942	135	25807	1	0.9909255898366606	GTCTTACATAGACCTTAAAGAGCTTGGCAA	25912	2	0.9909255898366606	CGTCTTCTTCATACTGTGCTGCACTGGTTG TGTTTTCTTCATACTGTGTTGCACAGGTTG	1	0.985480943738657	TTGCTGGGCTTGTTGCCTTAGCTCTAAG	{25884}
3.4994894934871645	29448	29584	136	29448	2	0.9909255898366606	TCCCAGATGGTTTTTCTACTACACTGGAAC TCCCAGGTGGTACTTCTACTACACTGGAAC	29554	1	0.9927404718693285	GCTCCTTCAACTTTTGGGACGCGGAACCCT	1	0.9836660617059891	GACCCGAGGCAGCACTCCCATTCCGGGC	{29480}
3.5078163730311913	10210	10348	138	10210	2	0.9909255898366606	CAAGGACACTTATGCAGCTCTTAGAAACTC CAAGGATACTTATGCTGCTCTCAGAAATTC	10318	1	0.9909255898366606	CGCTTATCGTGAAGCTGCAGCATGTCATCT	1	0.9872958257713249	TAATGATGCCTATTCACGATTTTTGGGG	{10246}
3.515932422683972	25743	25883	140	25743	2	0.9909255898366606	CTACATTACTCGATCTTACCTACGAGATGT CTACCCTACTTGATCTTAGTGGTGAGATGT	25853	1	0.9909255898366606	AAATGGCCGTGGTACATTTGGCTTGGTTTC	1	0.9872958257713249	TGTCTCTTCAACAAGTTGTTAAAGCCCT	{25773}
3.535366666009797	5658	5803	145	5658	1	0.9909255898366606	ACGCATGGTTTGGAGAGAGTGGTGCAATGT	5773	2	0.9909255898366606	ATGACATATGTATGCCAGTGTGGTGGTGAA ATGCTTACGACGTGCCAATGTGGTGCTGAG	1	0.985480943738657	AAAGATGTTGTTCTACAAGGCTTAAGAG	{5698}
3.542822044777587	12420	12567	147	12420	1	0.9909255898366606	GTAATGTAGATCTTGATGCGTTAGCTAGTG	12537	2	0.9909255898366606	AAGCCTATCAGGAAGCTATGGACTCTGGTG AGTCTTATCAAGAAGCTTTAGACTCAGGTG	1	0.985480943738657	ATATTTTTGACACTTCTAGCGTACTTCA	{12450}
3.5464857056612074	8412	8560	148	8412	2	0.9909255898366606	GCTGTATAATGTCACACGCGATAAGTTGGA GTTGTACAATGTCACACGTGATAAGTTGGA	8530	1	0.9909255898366606	CCCGCAGGTGTGGAGTCTGATGTTGAGACC	1	0.9872958257713249	CTACTGCTCGTGATGGCGTAAGGCGAGG	{8453}
3.5464857056612074	20444	20592	148	20444	1	0.9909255898366606	CCTGATTATGCTTACTTCAATGGTGCTATC	20562	2	0.9927404718693285	TTTACACACAAGGTCGCTCTTGTAGTGACT TTTACACTCAGAGTCGCTCTTGTAGTGACT	1	0.9891107078039928	TCCGTGATAGTGATGTTGTTAAACAACC	{20475}
3.5536897580044537	9353	9503	150	9353	1	0.9909255898366606	CCTATAAGAGTTTCTCTGATAGTGGTTGCA	9473	2	0.9909255898366606	CGTACAGTCAGATGAGGCCTCATGTTCGTT CGTATAGTCAGATGAAACCCCATGTCCGCT	1	0.9782214156079855	TAGGGATGCAGAGGGCCGTATTACACCA	{9408}
3.5607354666358684	4932	5084	152	4932	1	0.9909255898366606	GCATTTAGTCGAGGGTGAACTATTGGTGCA	5054	2	0.9909255898366606	TGCCATTTGAAACTGTTGAGGCTTGTCGCA TTCCATTTGAAACACTTTCAGCATGTCGTG	1	0.9872958257713249	AGACTTACGCTTAAATAAGCTCCTGCAT	{4962}
3.5607354666358684	29386	29538	152	29386	1	0.9909255898366606	GCTGGGTATTGGCGGAGACAGGACAGAAAA	29508	2	0.9909255898366606	TGTCAAAGATGGAATCGTCTGGGTACATGA TGTTAAGGATGGCATCGTTTGGGTCCATGA	1	0.9836660617059891	GACCCGAGGCAGCACTCCCATTCCGGGC	{29480}
3.565364373321448	20567	20693	126	20567	2	0.9927404718693285	ACACAAGGTCGCTCTTGTAGTGACTTTGAA ACTCAGAGTCGCTCTTGTAGTGACTTCCTA	20663	1	0.9909255898366606	TTGGAAAACTATGCTTTTGAGCACGTAGTC	2	0.9800362976406534	AAAGACTTTCTATTTTTTGATAGTGATG AAGACTTTCTATCTTTTGATAGTGCTGT	{20615} {20616}
3.5676296428427707	13407	13561	154	13407	2	0.9909255898366606	CCGGTTCTAATACCGAGTTTGCTTCTAATT CTGGTTCTAACACCGAGTTTGCCTCTAATT	13531	1	0.9909255898366606	TAAGATGCTTACTCCTAAAACTGGTACAGG	1	0.9872958257713249	ATCTCGATTTCGTCAATGCGGGAGGTGC	{13485}
3.580988527362399	26012	26170	158	26012	1	0.9909255898366606	CCGCATAAGGTTCATGTTCACTAATTAACG	26140	2	0.9909255898366606	ACCTGAACATTGCCAGAATTATTCTGGTCG ACCTGAGCATTGTCAGAATTATTCTGGTTG	1	0.9872958257713249	ACTCTCTTGTTAGTGTTCTCACTCTCTC	{26072}
3.5906545914674486	10169	10330	161	10169	2	0.9909255898366606	TGTACGTTTCAGGAAGCTGCAAGTAATATC TGTAGTTTCCAGGACGCTGCCTCTAATATC	10300	1	0.9909255898366606	TGGTGCTATGGAAACAGCCGCTTATCGTGA	1	0.9872958257713249	TAATGATGCCTATTCACGATTTTTGGGG	{10246}
3.6000377053709505	2935	3099	164	2935	1	0.9909255898366606	GTCGAGTACAACATTCATGCTGTATTAGAC	3069	2	0.9909255898366606	TAAATTACTGCGTGGAATGCCGATTCCAGA TAAATTGCTACGTGGTAAGCAAATTCCCGA	1	0.985480943738657	TAAAGGGACAAGTCTCAGACTTGCTTGT	{3041}
3.6031053540254123	11963	12128	165	11963	2	0.9909255898366606	CTTGTGCTTCCAGAAGTGAAGATGATTCTT CTTGTGTTTCCGGAAGTGAAGATGATACTT	12098	1	0.9909255898366606	TCAACACAAGAGTTCAGATTCATGACTGCT	1	0.985480943738657	TTCTCTCTTTTGAATCTTAAGCTTAGAG	{12041}
3.6031053540254123	25807	25972	165	25807	1	0.9909255898366606	GTCTTACATAGACCTTAAAGAGCTTGGCAA	25942	2	0.9909255898366606	TGGCACAAACTGTATGGGAAAACTTAAGTG TGGCACAAGTTGCTTGGGAAAACTTAAATG	1	0.985480943738657	TTGCTGGGCTTGTTGCCTTAGCTCTAAG	{25884}
3.6121360029807223	26439	26607	168	26439	1	0.9909255898366606	TACTTGTTTGTATATCCCTAAACCCACAGC	26577	2	0.9909255898366606	CAAACAGGACGCAGCTCAGCGAATCGCTTG CAAACAGGATGCAGCACAGCGAATCGCCTG	1	0.985480943738657	TCTGCTGTTAATTTCACAAAAGCTTTGG	{26548}
3.615090556965433	8968	9137	169	8968	2	0.9909255898366606	GCTACCATTATTGTGTTTCTGTGTGCTGTA GTTACCATTATAGTCTTACTGTGTGCTGTG	9107	1	0.9909255898366606	CTGATGATAAGTGCTTTGCTAATAAGCACC	1	0.9872958257713249	CTGATGTATTTGTGGTTACCTACATTTT	{8998}
3.6209192055029935	9624	9795	171	9624	1	0.9909255898366606	AGAGGGTGTTTGTATTACCACAAATGGCTC	9765	2	0.9909255898366606	CTTCCAATTGACTACGTCATTGGTTATGGG TTTCCAATTGACTACCTCATTGGTCTTGGG	1	0.9872958257713249	CTCTGATTTTATTGACATTGTCAGGCGG	{9705}
3.6209192055029935	13454	13625	171	13454	1	0.9909255898366606	GTTAACTTCACCGTTGATCCTCAAAAAGCT	13595	2	0.9927404718693285	GATCAAGAAACTTACGGTGGTGCTTCAGTT GATCAAGAGACTTATGGTGGAGCTTCAGTG	1	0.9872958257713249	ATCTCGATTTCGTCAATGCGGGAGGTGC	{13485}
3.6237942636811993	12102	12274	172	12102	1	0.9909255898366606	CACAAGAGTTCAGATTCATGACTGCTAACA	12244	2	0.9909255898366606	CATTAAGTGCACATCAGTGGTTCTTCTCTC TCTTAAATGCACATCTGTGGTTCTCCTCTC	1	0.9872958257713249	AACTGCACCTAGAAATTCTTGGGAGGCT	{12136}
3.6266437654486547	13194	13367	173	13194	2	0.9909255898366606	TGATGGCACTTCTCTCAGATAATGCCTATC TGATGGCTCTTCTTTCTGATAATGCCTATC	13337	1	0.9909255898366606	GTTAAAAATCTTAACAACCTTCATCGCGGG	1	0.985480943738657	CGCGTGTTGAAGGTAAGGACGGATTTGT	{13233}
3.6266437654486547	25661	25834	173	25661	2	0.9909255898366606	GACTTCAAGGATGAGTTGGACGAGTTTTTC GACTTCCAAGATGAGTTGGATGAGTTTTTC	25804	1	0.9909255898366606	TGAGTCTTACATAGACCTTAAAGAGCTTGG	1	0.9872958257713249	ACATTACTCGATCTTACCTACGAGATGT	{25745}
3.63226788931984	11313	11488	175	11313	1	0.9909255898366606	CTGAGGATGTTAATATGCAGATTATGGGTG	11458	2	0.9909255898366606	CTACTTGTTTGAGACTATTCCCACACAGTT TTATCTGTTTCAGACCATTCCGACTCAGCT	1	0.985480943738657	GCATTGGTTGGTCGCGACCCTTGTCTCA	{11386}
3.6377950406914326	4759	4936	177	4759	2	0.9909255898366606	CATGGATGTGATTTAATGCAAGCTAGAGCT CATGGTTTAGACTTAATTCAAGCAGGGAGT	4906	1	0.9909255898366606	CGCACTAATGGTGGTTACAATTCTTGGCAT	1	0.9872958257713249	CGTGCGTAGAGTTAACGTGCCCTACGTG	{4791}
3.6377950406914326	9291	9468	177	9291	1	0.9909255898366606	CTTTGTTTCTCGAGTCTTTGCTAATACAGG	9438	2	0.9927404718693285	CTGCCATGATCCTACTGTTTTGCCTGGGGC CTGCTATGACCCTACTGTATTACCTGGTGC	1	0.9800362976406534	TGGATGCAGAGGGCCGTATGACACCATA	{9410}
3.6377950406914326	15006	15183	177	15006	1	0.9963702359346642	GACATCATGTTTTAGTGTCGCTGCACTTAC	15153	2	0.9963702359346642	CTTTGCTCAAGATGGGCATGCTGCTATTAC CTTTGCTCAAGATGGTAATGCTGCTATTAC	1	0.9909255898366606	AACTGGTTTGACTTTTCAAACTGTGCGG	{15036}
3.643228507007025	8412	8591	179	8412	2	0.9909255898366606	GCTGTATAATGTCACACGCGATAAGTTGGA GTTGTACAATGTCACACGTGATAAGTTGGA	8561	1	0.9909255898366606	ATGAAATTGTTGACTCTGTGCAGTATGCTC	1	0.9872958257713249	CTACTGCTCGTGATGGCGTAAGGCGAGG	{8453}
3.651209836406473	12263	12445	182	12263	2	0.9909255898366606	GTTCTCCTCTCTGTGCTCCAACAGTTACAC GTTCTTCTCTCAGTGCTTCAGCAGTTGCAC	12415	1	0.9909255898366606	TTCTGGTAATGTAGATCTTGATGCGTTAGC	1	0.9872958257713249	TTAGAGGCTAATGGTAGGGCCTGGGCTT	{12293}
3.6589972680519156	19347	19532	185	19347	2	0.9909255898366606	GTAGAATCGTTGAGCGCAACGTCGTACGTG GTAGGCTTGTTGAGAAAAATGTCGTACGTG	19502	1	0.9909255898366606	CAACAGCTTTTCTATACAGAGGACATGGCC	1	0.9872958257713249	CTGCTCTTCTTGCCGGTTCATTTGACAA	{19377}
3.6615515990016814	4932	5118	186	4932	1	0.9909255898366606	GCATTTAGTCGAGGGTGAACTATTGGTGCA	5088	2	0.9909255898366606	TCTTGATTCACGTACGACACAGCAATTAAC TTTGGATTCACGCACGACACAGCAGTTAAC	1	0.9872958257713249	AGACTTACGCTTAAATAAGCTCCTGCAT	{4962}
3.6640857374007747	13407	13594	187	13407	2	0.9909255898366606	CCGGTTCTAATACCGAGTTTGCTTCTAATT CTGGTTCTAACACCGAGTTTGCCTCTAATT	13564	1	0.9909255898366606	AGCTATATCTGTTAAACCAGAGAGTACAGC	1	0.9872958257713249	ATCTCGATTTCGTCAATGCGGGAGGTGC	{13485}
3.6666	7338	7526	188	7338	1	0.9909255898366606	GTTCTACAAAGAAGTTAGAGCTTACCTAGG	7496	2	0.9909255898366606	ACCCAGCTCTTAAGATGGTTCAAACACATC ATTCAGCTCTTAAGATGGTGCAGACCCACA	1	0.9872958257713249	AATCTCTTCTGCTTGTGACGGTCTTGCT	{7368}
3.6666	12933	13121	188	12933	1	0.9909255898366606	GGGCTTTGTGGGACATTACAGTTATAAACA	13091	2	0.9909255898366606	CCTTCAGGTTTAAAAACCATGGTTGTGTCT CCTTCTGGTCTTAAGACTATGGTTGTGTCT	1	0.9872958257713249	GTTTTAGAATGCACTAGGGCATCCACTT	{13031}
3.6666	26012	26200	188	26012	1	0.9909255898366606	CCGCATAAGGTTCATGTTCACTAATTAACG	26170	2	0.9909255898366606	CATGCTTAGGGCTTGTATTAAAACTGCCCA TATGCTCAGAGCTTGTATTAGGACTGCCCA	1	0.9872958257713249	ACTCTCTTGTTAGTGTTCTCACTCTCTC	{26072}
3.671570128054922	18123	18248	125	18123	2	0.9909255898366606	TCATAGCTGCCAACCCAGCATGGAGTAAGG TTATTACTGCCAATCCGGCATGGAGTAAGG	18218	1	0.9927404718693285	CAGACTGTTGATTCCTCACAGGGTTCAGAA	3	0.9818511796733213	GGCTCGTTCAATGCTGGGCCTTATTACT GGCTCGTTCAATGCTGGGTCTTACTACT TGTGGCTCGTTCAATTCTGGGTCTTACC	{18190} {18190} {18187}
3.674026590941621	10169	10360	191	10169	2	0.9909255898366606	TGTACGTTTCAGGAAGCTGCAAGTAATATC TGTAGTTTCCAGGACGCTGCCTCTAATATC	10330	1	0.9909255898366606	AGCTGCAGCATGTCATCTTGCTAAAGCCTT	1	0.9872958257713249	TAATGATGCCTATTCACGATTTTTGGGG	{10246}
3.686034243325825	10969	11165	196	10969	1	0.9909255898366606	AGCATTTGATGGTACTATGTATGGTGCCTT	11135	2	0.9909255898366606	AATGAATGGGCTCTTGCCAACCAATTCACT AATGAGTGGGCTATTGCCAATCAATTCACA	1	0.9909255898366606	TATGGACAAACAAGTGCACCAGATTCAG	{10999}
3.6907141342961087	26439	26637	198	26439	1	0.9909255898366606	TACTTGTTTGTATATCCCTAAACCCACAGC	26607	2	0.9909255898366606	GCTGCTCCATAGAGATGGAGGAATACCCGA GTTGCTACATAAGGATGGAGGAATCCCTGA	1	0.985480943738657	TCTGCTGTTAATTTCACAAAAGCTTTGG	{26548}
3.693028706359163	29448	29647	199	29448	2	0.9909255898366606	TCCCAGATGGTTTTTCTACTACACTGGAAC TCCCAGGTGGTACTTCTACTACACTGGAAC	29617	1	0.9927404718693285	CCCGGTACTAAGCTTCCTAAAAACTTCCAC	1	0.9836660617059891	GACCCGAGGCAGCACTCCCATTCCGGGC	{29480}
3.697608310503012	9624	9825	201	9624	1	0.9909255898366606	AGAGGGTGTTTGTATTACCACAAATGGCTC	9795	2	0.9909255898366606	TATAGGTTTGTGTGCATTCCTGACTTTGCT TATAGGTTTGTGTGCGTTTCTGACTTTGCT	1	0.9872958257713249	CTCTGATTTTATTGACATTGTCAGGCGG	{9705}
3.69987380995394	13699	13901	202	13699	2	0.9909255898366606	AATACCTACACAGTGTACCAGAGATCCTGT AATCCCTGCTCAGTGTGTCCGTGACCCTGT	13871	1	0.9909255898366606	ATGCCCGAATAGAACCCTGTTCAAGTGGTT	1	0.9909255898366606	GGGATTTTGTTTGTCAAATACCCCCTGT	{13729}
3.702123411032158	12102	12305	203	12102	1	0.9909255898366606	CACAAGAGTTCAGATTCATGACTGCTAACA	12275	2	0.9909255898366606	GTGCTCCAACAGTTACACTTAGAGGCTAAT GTGCTTCAGCAGTTGCACTTAGAGGCTAAT	1	0.9872958257713249	AACTGCACCTAGAAATTCTTGGGAGGCT	{12136}
3.7043573353204815	5658	5862	204	5658	1	0.9909255898366606	ACGCATGGTTTGGAGAGAGTGGTGCAATGT	5832	2	0.9909255898366606	ACCTTGGCTGTTACTCTCAGGCACACCAAA CCCCTGGTTGCTGCTCTCAGGCACACCAAA	1	0.985480943738657	AAAGATGTTGTTCTACAAGGCTTAAGAG	{5698}
3.7043573353204815	8576	8780	204	8576	1	0.9909255898366606	CTGTGCAGTATGCTCATAAACATGACATAC	8750	2	0.9909255898366606	TTTGGAACGCTGCTGCATACATGAAACTTT TTTGGAACGCTGCTGCATATATGAAACTCT	1	0.985480943738657	GCTTCAGTTAACCAAATTGTCTTGCGTA	{8704}
3.7043573353204815	19172	19376	204	19172	1	0.9909255898366606	GGCAATCTTGCTACTAATCACGATCGTTAT	19346	2	0.9909255898366606	TGTAGAATCGTTGAGCGCAACGTCGTACGT TGTAGGCTTGTTGAGAAAAATGTCGTACGT	1	0.9836660617059891	CTGTCCATCAAGGGGCTCATGTGGCTTC	{19206}
