cost	target-start	target-end	target-length	left-primer-start	left-primer-num-primers	left-primer-frac-bound	left-primer-target-sequences	right-primer-start	right-primer-num-primers	right-primer-frac-bound	right-primer-target-sequences	num-guides	total-frac-bound-by-guides	guide-target-sequences	guide-target-sequence-positions
2.8888	20755	20879	124	20755	1	1.0	TTCTGACAGTACACTGAAAAGTTGTTGTAT	20849	1	0.9922480620155039	TTTGTGACTATCGTTAAGAGCTTAGATCTT	2	1.0	AACATACGCTGATGATCCATCGTCTAAG CTGATGATCCATCTTCTAAGAATGTGTG	{20785} {20793}
2.920764845367944	20623	20783	160	20623	1	0.9922480620155039	TGAGGATTATGGTTTTGAACACGTTGTATT	20753	1	1.0	AATTCTGACAGTACACTGAAAAGTTGTTGT	1	0.9844961240310077	CGCCTTGCAAAAATGGGTTTGTTTTCTG	{20708}
2.973823285568201	20755	20933	178	20755	1	1.0	TTCTGACAGTACACTGAAAAGTTGTTGTAT	20903	1	0.9922480620155039	GTTATTGTAGATTGTAAGGCATGGAGATGG	1	0.9922480620155039	GGACGATTTTGTGACTATCGTTAAGAGC	{20842}
3.0286266863651714	21544	21674	130	21544	1	1.0	GTATTGGACTGTGTTTTGTACAAGTGTTAA	21644	1	0.9922480620155039	GATGGAAATATAATGCATGCCAATTATATA	3	1.0	GGTATTAACTACTTAGGACCATACTGTG GTATCAACTACTTAGGACCATACAGTGA TAGGTATCAACTACTTAGGACCATACTG	{21602} {21603} {21600}
3.0464405378427526	20920	21054	134	20920	1	0.9922480620155039	GGCATGGAGATGGATGTTGTGGTGTGAGAA	21024	1	0.9922480620155039	ACAAAATACAGCGTATGTGTCTCGAACGGT	3	0.9922480620155039	CACAACTCCAATCTTCTGAATGGAATCC TCCACAACTCCAGTCTGCTGAGTGGCAT TTCACAGATTAAAACCTTCTATCCACAA	{20973} {20971} {20950}
3.0633163730311916	20851	20950	99	20851	1	0.9922480620155039	TGTGACTATCGTTAAGAGCTTAGATCTTAA	20920	1	0.9922480620155039	GGCATGGAGATGGATGTTGTGGTGTGAGAA	5	1.0	GTCGTGTCGAAAGTCGTGGATGTTATTG GTCGTGTCGAAAGTTGTGGACGTTATTG GTTGTGTCAAAAGTTGTGGACGTCATTG GTTGTGTCCAAAGTTGTGGATGTCATTG GTTGTGTCGAAAGTTGTGGATGTTATTG	{20882} {20882} {20882} {20882} {20882}
3.1555377053709504	20920	21084	164	20920	1	0.9922480620155039	GGCATGGAGATGGATGTTGTGGTGTGAGAA	21054	1	1.0	GTAATCTCTACAATTATGGTGCACAAGTGA	3	0.9922480620155039	CACAACTCCAATCTTCTGAATGGAATCC TCCACAACTCCAGTCTGCTGAGTGGCAT TTCACAGATTAAAACCTTCTATCCACAA	{20973} {20971} {20950}
3.331489758004454	20678	20783	105	20678	2	0.9922480620155039	GGTGGTATGCATCTCCTCATATCTCAAGTG GGTGGTATGCATCTTCTTATATCACAAGTG	20753	1	1.0	AATTCTGACAGTACACTGAAAAGTTGTTGT	1	0.9844961240310077	CGCCTTGCAAAAATGGGTTTGTTTTCTG	{20708}
3.4015942636811993	20555	20643	88	20555	2	0.9922480620155039	CCTCGTAGTACAATGGAAGAAGACTTTTTT CCTCGTAGTACAATGGAAGAAGATTTTCTT	20613	1	0.9922480620155039	AGTATGGTCTTGAGGATTATGGTTTTGAAC	3	0.9922480620155039	AGTATGGATACACTCTTCTTCATCCGAA AGTATGGATACTACAATCTTCATCCAAA AGTATGGATACTACACTCTTCATCCAAA	{20585} {20585} {20585}
3.47767380995394	20851	20982	131	20851	1	0.9922480620155039	TGTGACTATCGTTAAGAGCTTAGATCTTAA	20952	2	0.9922480620155039	CACAAATTAAAACCTTCTATCCACAACTCC CACATATTAAAACATTCTATCCACAACTCC	1	1.0	TGTAGATTGTAAGGCATGGAGATGGATG	{20908}
