cost	target-start	target-end	target-length	left-primer-start	left-primer-num-primers	left-primer-frac-bound	left-primer-target-sequences	right-primer-start	right-primer-num-primers	right-primer-frac-bound	right-primer-target-sequences	num-guides	total-frac-bound-by-guides	guide-target-sequences	guide-target-sequence-positions
2.9082342433258255	20417	20545	128	20417	1	1.0	TTTTTCACATACTACATTGGGTGGCCTACA	20515	1	1.0	GTGCAACTATCCATAACTATTTCATTACTG	2	1.0	CTGCTTATTGGGTTGTACAAGAAGCATT CTTATTGGCTTACACAAGAAGTCAGTGG	{20448} {20451}
2.9175266863651714	19502	19632	130	19502	1	1.0	TATGTTAGAAGATATAGATTATGTACCCCT	19602	1	1.0	AGAGATTATATGGAAGCATATAACCTTGTA	2	1.0	GTGACAGCATGTAACCTTGGAGGGGCTG TAAGTCTGCAGTGTGTGTTACTGCCTGC	{19548} {19532}
2.9797666660097972	18839	18984	145	18839	1	1.0	TTATGTCTACAACCCATTCTTTGTTGATGT	18954	1	1.0	GACGCAATAATGACTCGTTGTTTAGCTATT	2	1.0	TACCAACCATGATCGTTATTGTTCGGTA TCGTTATTGCTCGGTGCATCAGGGTGCT	{18899} {18911}
3.0016319690521502	17645	17796	151	17645	1	1.0	TGACATATTCTTGAGTATGTGCTACAGGTG	17766	1	1.0	CTCTATAAAGGCAATGTTACGCATGATGCT	2	1.0	AGTTGTTGGCAAAGAAGGAGCCCTCTGG CCTAAGGAGATTGTTAGTACTGTCAGTG	{17722} {17676}
3.02210063353398	28080	28237	157	28080	1	1.0	CTGATGAGTGGGTTTAACGAACTCCCTAAT	28207	1	1.0	GTGCTACAATATGGTTACCCATCTCGTAGC	2	1.0	ATGAGCAGATAGTTTCTATCATAAAAGA GTCAAATATGACGCAGCTCACTGAGCAG	{28136} {28113}
3.0475053540254122	14469	14634	165	14469	1	1.0	TTACATTGTGCTAATTTCAATGTACTATTT	14604	1	1.0	TTAGTCATGAATATGGATGTTAGTCTCCAT	2	1.0	ATGCCTAAGACATGCTTTGGACCTATTG GCCTAAGACATGCTTCGGACCGATTGTT	{14508} {14510}
3.0565360029807227	19502	19670	168	19502	1	1.0	TATGTTAGAAGATATAGATTATGTACCCCT	19640	1	1.0	AGGTTTCCGATTATGGTGTTATAAGACCTT	2	1.0	GTGACAGCATGTAACCTTGGAGGGGCTG TAAGTCTGCAGTGTGTGTTACTGCCTGC	{19548} {19532}
3.0624181283451795	28810	28980	170	28810	1	1.0	CTTAATTTTCATTGTTATGGCCACCCCCGC	28950	1	1.0	TCTCCTGGTACACGGGCCTTACCCAACACG	2	1.0	ACCAGTCTCGAGGAAGAGGAAGAAACCC TGCTGTGACCTTTGGTGACAACAATGAC	{28893} {28849}
3.069422592664184	19805	20024	219	19805	1	1.0	CACCAAGAGTGGCGTCAATGACATATGTGT	19994	1	1.0	TACAGCTACTATTGGTGTATGTAAATACAC	1	1.0	ACTCCATAATTTACAAGCTGACATATGT	{19922}
3.0946160284948063	13341	13573	232	13341	1	1.0	ATGTCTGTATTGCCGTGCGCATATAGAGCA	13543	1	1.0	TCCAAGGATTCTAATTTTTTAAACGAGTCC	1	1.0	TCGCAATGTACTCGCGACCCTGTTGGTT	{13423}
