cost	target-start	target-end	target-length	left-primer-start	left-primer-num-primers	left-primer-frac-bound	left-primer-target-sequences	right-primer-start	right-primer-num-primers	right-primer-frac-bound	right-primer-target-sequences	num-guides	total-frac-bound-by-guides	guide-target-sequences	guide-target-sequence-positions
2.8905319690521503	12640	12791	151	12640	1	1.0	TGTCCGTGCATTTGACGTTTACAATAAAGA	12761	1	1.0	ATTAAGTCAGTTATGGACCACGAGCAGTCC	1	1.0	CTTGAAGTCCAATTGTGTGCGCTTCAAG	{12691}
3.0193342433258255	13770	13898	128	13770	1	1.0	AACCTGGCCATTTTAATAAGGAGTTTTATG	13868	1	1.0	CAAAAGGGTGATGCTGCAATTAAAGATTTT	3	1.0	ACTTCTTACGCTCTCAAGGGTTTTTCGA ACTTTTTGCGCGCTCAAGGGTTTTTCGA CGCTCTCAGGGGTTTTTCGATGAAGGTT	{13800} {13800} {13808}
3.090311090344213	12467	12647	180	12467	1	1.0	TATAAGATTTTGTCTTGAAAATACTGTTTG	12617	1	1.0	AATGGTACAGACATAGATTATTGTGTCCGT	2	1.0	TCATGGCTGTACATGTGACCGGACTGCT TCATGGTTGTACTTGTGACCGTACTGCT	{12521} {12521}
3.103801953228442	12554	12791	237	12554	1	1.0	AAGTTTTGATAACAGTTATTTAAACGAGTC	12761	1	1.0	ATTAAGTCAGTTATGGACCACGAGCAGTCC	1	1.0	GACATAGATTACTGTGTCCGTGTATTTG	{12626}
3.1723548428519353	13339	13554	215	13339	1	1.0	TTATGATTTGTTGAAATATGATTTCACAGA	13524	1	1.0	TATGCAGAAAAGTGTTTATTGATGGTGTAC	2	1.0	GAGATGTGTATTTTGCATTGTTCAAATT GGAAGTTTTGTTTAACAAGTACTTTAAG	{13448} {13375}
3.222065756109888	15799	16040	241	15799	1	1.0	GGAGATTGTAGGTCCTAAGGAACTTTTGCT	16010	1	1.0	TTTATTTTGACTTCTCATAATGTTGCTCCA	2	1.0	CTCCAAGTTTCAAGTTGGGGAATTTGTG GAAAGTAGATTATGGTTCTGATACGGTG	{15904} {15937}
3.2221999999999995	12380	12472	92	12380	2	1.0	CAGAGCACATGTTGCACATCCAACCATGGA CAGGGCACATGTGGCACACCCAACTATGGA	12442	1	1.0	AAGTGCCTATAGGTACAAATGACCCTATAA	1	1.0	TTTTGTCAGTATAAAGGCAAGTGGGTAC	{12414}
3.2904942636811993	26681	26769	88	26681	1	1.0	GTTTCAGACTTTTCCGACGTGCTCGAACTT	26739	2	1.0	AATCACAGTCACAACCGTGCTGGGACAGAC AATCACTGTCACAACCGTGTTGGGACAGAC	2	1.0	TTTGGGCATGGAACCCGGAAGTGAATGC TTTGGGCATGGAATCCTGAGGTTAATGC	{26711} {26711}
3.325597268051916	15367	15552	185	15367	1	1.0	AACAGTTCTAAGATGCGGTGATTGTTTACG	15522	1	1.0	TGTATCTTGGAGGTTTGAATTATTACTGTG	4	1.0	CTTATGATCATGTGTTTGGCACGGATCA GTGCTTATGATCATGTGTTTGGAACTGA GTGTTTGGCACTGATCATAGGTTCATTT TGCTTATGATCATGTGTTTGGCACGGAT	{15423} {15420} {15434} {15421}
3.345483757168364	13879	14072	193	13879	1	1.0	TGCTGCAATTAAAGATTTTGACTATTATCG	14042	1	1.0	GCTGGTTGGCCACTTAATAAGTTTGGTAAA	4	1.0	AGACCTACTATGCTGGATATTGGACAGG ATGTTAGATATAGGACAAGCACGTGTAG TGTATTACATCTAGAGAGGTGGTTGTTA TGTTGGATATAGGCCAAGCTCGTGTAGC	{13916} {13925} {13997} {13926}
