cost	target-start	target-end	target-length	left-primer-start	left-primer-num-primers	left-primer-frac-bound	left-primer-target-sequences	right-primer-start	right-primer-num-primers	right-primer-frac-bound	right-primer-target-sequences	num-guides	total-frac-bound-by-guides	guide-target-sequences	guide-target-sequence-positions
3.435385705661207	18876	18980	104	18876	2	1.0	CGTTTGAGTTGTTTGCAAAAAGAAAAATGG CTTTTGAGTTGTATGCGAAACGTAAAACGG	18950	1	1.0	GCCACTTACAAATTTGTGTTGTGGGATTAT	2	1.0	GACTGACACCACCACTTTCTGTCCTACG GTTTGACACCACCGCTTTCTATACTCAA	{18906} {18906}
3.469888527362399	16549	16658	109	16549	2	1.0	TAAACACATTGTTTATGTTGGCGACCCACA TAAGCATATTGTTTATGTTGGAGACCCGCA	16628	1	1.0	GCAGATTATAATGTTGTTACACAGCGCATG	2	1.0	GCAACTTCCTGCGCCACGAGTAATGATT GGGTTATGATAACCAAAGGTGTAATGGA	{16579} {16596}
3.48893770537095	12534	12646	112	12534	2	1.0	GTTTGCGGTTGTTGGCTTAATAATGGTTGC GTTTGCGGTTGTTGGTTAGGTCACGGCTGT	12616	1	1.0	AAGGGGCTCTAGTGCAGCTCGACTAGAGCC	2	1.0	GTTTGTGACCGGACAACAATGCAAAGCT TCATGTGACCGTACAACCGTTCAAAGCT	{12564} {12564}
3.5183681611474054	16	133	117	16	1	1.0	CTTCTCAACTAAACGAAATTTTTCTAGTGT	103	2	1.0	AGGGAGCAAGTGTTGTGTGACAGCTGTCTA GTTAGGCAAGTGTTGTGTGCCCTGTGTTTA	2	1.0	GTATGTATAATGCCAGTACTGGTGTAAT TTGAAATTTCGCCAGGGCTGTATAATTG	{48} {75}
3.6147799693424068	18956	19093	137	18956	1	1.0	TACAAATTTGTGTTGTGGGATTATGAGGCC	19063	2	1.0	CAATAGCATACAGGGTTCTTTTGAGCGTTT CAATAGTATACAAGGTTCTTATGAGCGTTT	2	1.0	ACAGACCTTTTACCAGTTACACAAAAGA CGGATTTTGCTGAGGATGTTTGTGTGTG	{18987} {19029}
3.692088527362399	12632	12790	158	12632	1	1.0	GCTCGACTAGAGCCCTGTAATGGTACGGAC	12760	2	1.0	ACTCAGGGATGGCTATTTTGTTATAAAACG CCTTAAGGATGGTTTCTTTGTTATAAAACG	2	1.0	GTTGACGTTTGCGTCCGTGCTTTCGATA TGCTTTCTTGGGAAAGTGTTTGAAGGTG	{12662} {12706}
3.7202539643783346	18956	19123	167	18956	1	1.0	TACAAATTTGTGTTGTGGGATTATGAGGCC	19093	2	1.0	CACGCTTACCAAAAATGCTGTTTTGTTTTC CACGCTTACTAATAACGCTGTTTTAGTGTC	2	1.0	ACAGACCTTTTACCAGTTACACAAAAGA CGGATTTTGCTGAGGATGTTTGTGTGTG	{18987} {19029}
3.7320192055029935	14703	14874	171	14703	2	1.0	CATCTGACTCTTGTAATAATATAGGTGTTA CTTCGGACTCTTGTAACAATATTAATGTTA	14844	1	1.0	TGTCTGATGATGGTGTTGTTTGTTATAACA	2	1.0	GAGATTTGCAGCGTCGTTTATATGATAA TTATAGGTCTACTAACGTGGATGAGAGT	{14733} {14764}
3.7700972680519156	16	201	185	16	1	1.0	CTTCTCAACTAAACGAAATTTTTCTAGTGT	171	2	1.0	AACCTAGTCGGTGTTCCGTCACTGGCTAGT CACCTAAGCAGTGTTCCGTCATTGCTTAGT	2	1.0	GTATGTATAATGCCAGTACTGGTGTAAT TTGAAATTTCGCCAGGGCTGTATAATTG	{48} {75}
3.7777	12632	12820	188	12632	1	1.0	GCTCGACTAGAGCCCTGTAATGGTACGGAC	12790	2	1.0	CTGCCCTAAGTCAGTTATGGATCACGAGCA CTGTACTAAGTCGGTGATGGAACACGAGCA	2	1.0	GTTGACGTTTGCGTCCGTGCTTTCGATA TGCTTTCTTGGGAAAGTGTTTGAAGGTG	{12662} {12706}
